   7.0000000e+00
   1.1000000e+01
   1.9000000e+01
   2.4000000e+01
   3.1000000e+01
   3.5000000e+01
   2.9000000e+01
   4.2000000e+01
   4.8000000e+01
   1.2400000e+02
   6.5000000e+01
   7.7000000e+01
   7.8000000e+01
   1.0800000e+02
   1.1000000e+02
   1.3000000e+02
   1.3400000e+02
   1.1200000e+02
   9.1000000e+01
   1.1800000e+02
   7.0000000e+00
   1.1000000e+01
   1.9000000e+01
   2.4000000e+01
   3.1000000e+01
   3.5000000e+01
   2.9000000e+01
   4.2000000e+01
   4.8000000e+01
   1.2400000e+02
   6.5000000e+01
   7.7000000e+01
   7.8000000e+01
   1.0800000e+02
   1.1000000e+02
   1.3000000e+02
   1.3400000e+02
   1.1200000e+02
   9.1000000e+01
   1.1800000e+02
   7.0000000e+00
   1.1000000e+01
   1.9000000e+01
   2.4000000e+01
   3.1000000e+01
   3.5000000e+01
   2.9000000e+01
   4.2000000e+01
   4.8000000e+01
   1.2400000e+02
   6.5000000e+01
   7.7000000e+01
   7.8000000e+01
   1.0800000e+02
   1.1000000e+02
   1.3000000e+02
   1.3400000e+02
   1.1200000e+02
   9.1000000e+01
   1.1800000e+02
   7.0000000e+00
   1.1000000e+01
   1.9000000e+01
   2.4000000e+01
   3.1000000e+01
   3.5000000e+01
   2.9000000e+01
   4.2000000e+01
   4.8000000e+01
   1.2400000e+02
   6.5000000e+01
   7.7000000e+01
   7.8000000e+01
   1.0800000e+02
   1.1000000e+02
   1.3000000e+02
   1.3400000e+02
   1.1200000e+02
   9.1000000e+01
   1.1800000e+02
   7.0000000e+00
   1.1000000e+01
   1.9000000e+01
   2.4000000e+01
   3.1000000e+01
   3.5000000e+01
   2.9000000e+01
   4.2000000e+01
   4.8000000e+01
   1.2400000e+02
   6.5000000e+01
   7.7000000e+01
   7.8000000e+01
   1.0800000e+02
   1.1000000e+02
   1.3000000e+02
   1.3400000e+02
   1.1200000e+02
   9.1000000e+01
   1.1800000e+02
   7.0000000e+00
   1.1000000e+01
   1.9000000e+01
   2.4000000e+01
   3.1000000e+01
   3.5000000e+01
   2.9000000e+01
   4.2000000e+01
   4.8000000e+01
   1.2400000e+02
   6.5000000e+01
   7.7000000e+01
   7.8000000e+01
   1.0800000e+02
   1.1000000e+02
   1.3000000e+02
   1.3400000e+02
   1.1200000e+02
   9.1000000e+01
   1.1800000e+02
   7.0000000e+00
   1.1000000e+01
   1.9000000e+01
   2.4000000e+01
   3.1000000e+01
   3.5000000e+01
   2.9000000e+01
   4.2000000e+01
   4.8000000e+01
   1.2400000e+02
   6.5000000e+01
   7.7000000e+01
   7.8000000e+01
   1.0800000e+02
   1.1000000e+02
   1.3000000e+02
   1.3400000e+02
   1.1200000e+02
   9.1000000e+01
   1.1800000e+02
   7.0000000e+00
   1.1000000e+01
   1.9000000e+01
   2.4000000e+01
   3.1000000e+01
   3.5000000e+01
   2.9000000e+01
   4.2000000e+01
   4.8000000e+01
   1.2400000e+02
   6.5000000e+01
   7.7000000e+01
   7.8000000e+01
   1.0800000e+02
   1.1000000e+02
   1.3000000e+02
   1.3400000e+02
   1.1200000e+02
   9.1000000e+01
   1.1800000e+02
   7.0000000e+00
   1.1000000e+01
   1.9000000e+01
   2.4000000e+01
   3.1000000e+01
   3.5000000e+01
   2.9000000e+01
   4.2000000e+01
   4.8000000e+01
   1.2400000e+02
   6.5000000e+01
   7.7000000e+01
   7.8000000e+01
   1.0800000e+02
   1.1000000e+02
   1.3000000e+02
   1.3400000e+02
   1.1200000e+02
   9.1000000e+01
   1.1800000e+02
   7.0000000e+00
   1.1000000e+01
   1.9000000e+01
   2.4000000e+01
   3.1000000e+01
   3.5000000e+01
   2.9000000e+01
   4.2000000e+01
   4.8000000e+01
   1.2400000e+02
   6.5000000e+01
   7.7000000e+01
   7.8000000e+01
   1.0800000e+02
   1.1000000e+02
   1.3000000e+02
   1.3400000e+02
   1.1200000e+02
   9.1000000e+01
   1.1800000e+02
   7.0000000e+00
   1.1000000e+01
   1.9000000e+01
   2.4000000e+01
   3.1000000e+01
   3.5000000e+01
   2.9000000e+01
   4.2000000e+01
   4.8000000e+01
   1.2400000e+02
   6.5000000e+01
   7.7000000e+01
   7.8000000e+01
   1.0800000e+02
   1.1000000e+02
   1.3000000e+02
   1.3400000e+02
   1.1200000e+02
   9.1000000e+01
   1.1800000e+02
   7.0000000e+00
   1.1000000e+01
   1.9000000e+01
   2.4000000e+01
   3.1000000e+01
   3.5000000e+01
   2.9000000e+01
   4.2000000e+01
   4.8000000e+01
   1.2400000e+02
   6.5000000e+01
   7.7000000e+01
   7.8000000e+01
   1.0800000e+02
   1.1000000e+02
   1.3000000e+02
   1.3400000e+02
   1.1200000e+02
   9.1000000e+01
   1.1800000e+02
   7.0000000e+00
   1.1000000e+01
   1.9000000e+01
   2.4000000e+01
   3.1000000e+01
   3.5000000e+01
   2.9000000e+01
   4.2000000e+01
   4.8000000e+01
   1.2400000e+02
   6.5000000e+01
   7.7000000e+01
   7.8000000e+01
   1.0800000e+02
   1.1000000e+02
   1.3000000e+02
   1.3400000e+02
   1.1200000e+02
   9.1000000e+01
   1.1800000e+02
   7.0000000e+00
   1.1000000e+01
   1.9000000e+01
   2.4000000e+01
   3.1000000e+01
   3.5000000e+01
   2.9000000e+01
   4.2000000e+01
   4.8000000e+01
   1.2400000e+02
   6.5000000e+01
   7.7000000e+01
   7.8000000e+01
   1.0800000e+02
   1.1000000e+02
   1.3000000e+02
   1.3400000e+02
   1.1200000e+02
   9.1000000e+01
   1.1800000e+02
   7.0000000e+00
   1.1000000e+01
   1.9000000e+01
   2.4000000e+01
   3.1000000e+01
   3.5000000e+01
   2.9000000e+01
   4.2000000e+01
   4.8000000e+01
   1.2400000e+02
   6.5000000e+01
   7.7000000e+01
   7.8000000e+01
   1.0800000e+02
   1.1000000e+02
   1.3000000e+02
   1.3400000e+02
   1.1200000e+02
   9.1000000e+01
   1.1800000e+02
   7.0000000e+00
   1.1000000e+01
   1.9000000e+01
   2.4000000e+01
   3.1000000e+01
   3.5000000e+01
   2.9000000e+01
   4.2000000e+01
   4.8000000e+01
   1.2400000e+02
   6.5000000e+01
   7.7000000e+01
   7.8000000e+01
   1.0800000e+02
   1.1000000e+02
   1.3000000e+02
   1.3400000e+02
   1.1200000e+02
   9.1000000e+01
   1.1800000e+02
   7.0000000e+00
   1.1000000e+01
   1.9000000e+01
   2.4000000e+01
   3.1000000e+01
   3.5000000e+01
   2.9000000e+01
   4.2000000e+01
   4.8000000e+01
   1.2400000e+02
   6.5000000e+01
   7.7000000e+01
   7.8000000e+01
   1.0800000e+02
   1.1000000e+02
   1.3000000e+02
   1.3400000e+02
   1.1200000e+02
   9.1000000e+01
   1.1800000e+02
   7.0000000e+00
   1.1000000e+01
   1.9000000e+01
   2.4000000e+01
   3.1000000e+01
   3.5000000e+01
   2.9000000e+01
   4.2000000e+01
   4.8000000e+01
   1.2400000e+02
   6.5000000e+01
   7.7000000e+01
   7.8000000e+01
   1.0800000e+02
   1.1000000e+02
   1.3000000e+02
   1.3400000e+02
   1.1200000e+02
   9.1000000e+01
   1.1800000e+02
   7.0000000e+00
   1.1000000e+01
   1.9000000e+01
   2.4000000e+01
   3.1000000e+01
   3.5000000e+01
   2.9000000e+01
   4.2000000e+01
   4.8000000e+01
   1.2400000e+02
   6.5000000e+01
   7.7000000e+01
   7.8000000e+01
   1.0800000e+02
   1.1000000e+02
   1.3000000e+02
   1.3400000e+02
   1.1200000e+02
   9.1000000e+01
   1.1800000e+02
   7.0000000e+00
   1.1000000e+01
   1.9000000e+01
   2.4000000e+01
   3.1000000e+01
   3.5000000e+01
   2.9000000e+01
   4.2000000e+01
   4.8000000e+01
   1.2400000e+02
   6.5000000e+01
   7.7000000e+01
   7.8000000e+01
   1.0800000e+02
   1.1000000e+02
   1.3000000e+02
   1.3400000e+02
   1.1200000e+02
   9.1000000e+01
   1.1800000e+02
   7.0000000e+00
   1.1000000e+01
   1.9000000e+01
   2.4000000e+01
   3.1000000e+01
   3.5000000e+01
   2.9000000e+01
   4.2000000e+01
   4.8000000e+01
   1.2400000e+02
   6.5000000e+01
   7.7000000e+01
   7.8000000e+01
   1.0800000e+02
   1.1000000e+02
   1.3000000e+02
   1.3400000e+02
   1.1200000e+02
   9.1000000e+01
   1.1800000e+02
   7.0000000e+00
   1.1000000e+01
   1.9000000e+01
   2.4000000e+01
   3.1000000e+01
   3.5000000e+01
   2.9000000e+01
   4.2000000e+01
   4.8000000e+01
   1.2400000e+02
   6.5000000e+01
   7.7000000e+01
   7.8000000e+01
   1.0800000e+02
   1.1000000e+02
   1.3000000e+02
   1.3400000e+02
   1.1200000e+02
   9.1000000e+01
   1.1800000e+02
   7.0000000e+00
   1.1000000e+01
   1.9000000e+01
   2.4000000e+01
   3.1000000e+01
   3.5000000e+01
   2.9000000e+01
   4.2000000e+01
   4.8000000e+01
   1.2400000e+02
   6.5000000e+01
   7.7000000e+01
   7.8000000e+01
   1.0800000e+02
   1.1000000e+02
   1.3000000e+02
   1.3400000e+02
   1.1200000e+02
   9.1000000e+01
   1.1800000e+02
   7.0000000e+00
   1.1000000e+01
   1.9000000e+01
   2.4000000e+01
   3.1000000e+01
   3.5000000e+01
   2.9000000e+01
   4.2000000e+01
   4.8000000e+01
   1.2400000e+02
   6.5000000e+01
   7.7000000e+01
   7.8000000e+01
   1.0800000e+02
   1.1000000e+02
   1.3000000e+02
   1.3400000e+02
   1.1200000e+02
   9.1000000e+01
   1.1800000e+02
   7.0000000e+00
   1.1000000e+01
   1.9000000e+01
   2.4000000e+01
   3.1000000e+01
   3.5000000e+01
   2.9000000e+01
   4.2000000e+01
   4.8000000e+01
   1.2400000e+02
   6.5000000e+01
   7.7000000e+01
   7.8000000e+01
   1.0800000e+02
   1.1000000e+02
   1.3000000e+02
   1.3400000e+02
   1.1200000e+02
   9.1000000e+01
   1.1800000e+02
   7.0000000e+00
   1.1000000e+01
   1.9000000e+01
   2.4000000e+01
   3.1000000e+01
   3.5000000e+01
   2.9000000e+01
   4.2000000e+01
   4.8000000e+01
   1.2400000e+02
   6.5000000e+01
   7.7000000e+01
   7.8000000e+01
   1.0800000e+02
   1.1000000e+02
   1.3000000e+02
   1.3400000e+02
   1.1200000e+02
   9.1000000e+01
   1.1800000e+02
   7.0000000e+00
   1.1000000e+01
   1.9000000e+01
   2.4000000e+01
   3.1000000e+01
   3.5000000e+01
   2.9000000e+01
   4.2000000e+01
   4.8000000e+01
   1.2400000e+02
   6.5000000e+01
   7.7000000e+01
   7.8000000e+01
   1.0800000e+02
   1.1000000e+02
   1.3000000e+02
   1.3400000e+02
   1.1200000e+02
   9.1000000e+01
   1.1800000e+02
   7.0000000e+00
   1.1000000e+01
   1.9000000e+01
   2.4000000e+01
   3.1000000e+01
   3.5000000e+01
   2.9000000e+01
   4.2000000e+01
   4.8000000e+01
   1.2400000e+02
   6.5000000e+01
   7.7000000e+01
   7.8000000e+01
   1.0800000e+02
   1.1000000e+02
   1.3000000e+02
   1.3400000e+02
   1.1200000e+02
   9.1000000e+01
   1.1800000e+02
   7.0000000e+00
   1.1000000e+01
   1.9000000e+01
   2.4000000e+01
   3.1000000e+01
   3.5000000e+01
   2.9000000e+01
   4.2000000e+01
   4.8000000e+01
   1.2400000e+02
   6.5000000e+01
   7.7000000e+01
   7.8000000e+01
   1.0800000e+02
   1.1000000e+02
   1.3000000e+02
   1.3400000e+02
   1.1200000e+02
   9.1000000e+01
   1.1800000e+02
   7.0000000e+00
   1.1000000e+01
   1.9000000e+01
   2.4000000e+01
   3.1000000e+01
   3.5000000e+01
   2.9000000e+01
   4.2000000e+01
   4.8000000e+01
   1.2400000e+02
   6.5000000e+01
   7.7000000e+01
   7.8000000e+01
   1.0800000e+02
   1.1000000e+02
   1.3000000e+02
   1.3400000e+02
   1.1200000e+02
   9.1000000e+01
   1.1800000e+02
   7.0000000e+00
   1.1000000e+01
   1.9000000e+01
   2.4000000e+01
   3.1000000e+01
   3.5000000e+01
   2.9000000e+01
   4.2000000e+01
   4.8000000e+01
   1.2400000e+02
   6.5000000e+01
   7.7000000e+01
   7.8000000e+01
   1.0800000e+02
   1.1000000e+02
   1.3000000e+02
   1.3400000e+02
   1.1200000e+02
   9.1000000e+01
   1.1800000e+02
   7.0000000e+00
   1.1000000e+01
   1.9000000e+01
   2.4000000e+01
   3.1000000e+01
   3.5000000e+01
   2.9000000e+01
   4.2000000e+01
   4.8000000e+01
   1.2400000e+02
   6.5000000e+01
   7.7000000e+01
   7.8000000e+01
   1.0800000e+02
   1.1000000e+02
   1.3000000e+02
   1.3400000e+02
   1.1200000e+02
   9.1000000e+01
   1.1800000e+02
   7.0000000e+00
   1.1000000e+01
   1.9000000e+01
   2.4000000e+01
   3.1000000e+01
   3.5000000e+01
   2.9000000e+01
   4.2000000e+01
   4.8000000e+01
   1.2400000e+02
   6.5000000e+01
   7.7000000e+01
   7.8000000e+01
   1.0800000e+02
   1.1000000e+02
   1.3000000e+02
   1.3400000e+02
   1.1200000e+02
   9.1000000e+01
   1.1800000e+02
   7.0000000e+00
   1.1000000e+01
   1.9000000e+01
   2.4000000e+01
   3.1000000e+01
   3.5000000e+01
   2.9000000e+01
   4.2000000e+01
   4.8000000e+01
   1.2400000e+02
   6.5000000e+01
   7.7000000e+01
   7.8000000e+01
   1.0800000e+02
   1.1000000e+02
   1.3000000e+02
   1.3400000e+02
   1.1200000e+02
   9.1000000e+01
   1.1800000e+02
   7.0000000e+00
   1.1000000e+01
   1.9000000e+01
   2.4000000e+01
   3.1000000e+01
   3.5000000e+01
   2.9000000e+01
   4.2000000e+01
   4.8000000e+01
   1.2400000e+02
   6.5000000e+01
   7.7000000e+01
   7.8000000e+01
   1.0800000e+02
   1.1000000e+02
   1.3000000e+02
   1.3400000e+02
   1.1200000e+02
   9.1000000e+01
   1.1800000e+02
   7.0000000e+00
   1.1000000e+01
   1.9000000e+01
   2.4000000e+01
   3.1000000e+01
   3.5000000e+01
   2.9000000e+01
   4.2000000e+01
   4.8000000e+01
   1.2400000e+02
   6.5000000e+01
   7.7000000e+01
   7.8000000e+01
   1.0800000e+02
   1.1000000e+02
   1.3000000e+02
   1.3400000e+02
   1.1200000e+02
   9.1000000e+01
   1.1800000e+02
   7.0000000e+00
   1.1000000e+01
   1.9000000e+01
   2.4000000e+01
   3.1000000e+01
   3.5000000e+01
   2.9000000e+01
   4.2000000e+01
   4.8000000e+01
   1.2400000e+02
   6.5000000e+01
   7.7000000e+01
   7.8000000e+01
   1.0800000e+02
   1.1000000e+02
   1.3000000e+02
   1.3400000e+02
   1.1200000e+02
   9.1000000e+01
   1.1800000e+02
   7.0000000e+00
   1.1000000e+01
   1.9000000e+01
   2.4000000e+01
   3.1000000e+01
   3.5000000e+01
   2.9000000e+01
   4.2000000e+01
   4.8000000e+01
   1.2400000e+02
   6.5000000e+01
   7.7000000e+01
   7.8000000e+01
   1.0800000e+02
   1.1000000e+02
   1.3000000e+02
   1.3400000e+02
   1.1200000e+02
   9.1000000e+01
   1.1800000e+02
   7.0000000e+00
   1.1000000e+01
   1.9000000e+01
   2.4000000e+01
   3.1000000e+01
   3.5000000e+01
   2.9000000e+01
   4.2000000e+01
   4.8000000e+01
   1.2400000e+02
   6.5000000e+01
   7.7000000e+01
   7.8000000e+01
   1.0800000e+02
   1.1000000e+02
   1.3000000e+02
   1.3400000e+02
   1.1200000e+02
   9.1000000e+01
   1.1800000e+02
   7.0000000e+00
   1.1000000e+01
   1.9000000e+01
   2.4000000e+01
   3.1000000e+01
   3.5000000e+01
   2.9000000e+01
   4.2000000e+01
   4.8000000e+01
   1.2400000e+02
   6.5000000e+01
   7.7000000e+01
   7.8000000e+01
   1.0800000e+02
   1.1000000e+02
   1.3000000e+02
   1.3400000e+02
   1.1200000e+02
   9.1000000e+01
   1.1800000e+02
   7.0000000e+00
   1.1000000e+01
   1.9000000e+01
   2.4000000e+01
   3.1000000e+01
   3.5000000e+01
   2.9000000e+01
   4.2000000e+01
   4.8000000e+01
   1.2400000e+02
   6.5000000e+01
   7.7000000e+01
   7.8000000e+01
   1.0800000e+02
   1.1000000e+02
   1.3000000e+02
   1.3400000e+02
   1.1200000e+02
   9.1000000e+01
   1.1800000e+02
   7.0000000e+00
   1.1000000e+01
   1.9000000e+01
   2.4000000e+01
   3.1000000e+01
   3.5000000e+01
   2.9000000e+01
   4.2000000e+01
   4.8000000e+01
   1.2400000e+02
   6.5000000e+01
   7.7000000e+01
   7.8000000e+01
   1.0800000e+02
   1.1000000e+02
   1.3000000e+02
   1.3400000e+02
   1.1200000e+02
   9.1000000e+01
   1.1800000e+02
   7.0000000e+00
   1.1000000e+01
   1.9000000e+01
   2.4000000e+01
   3.1000000e+01
   3.5000000e+01
   2.9000000e+01
   4.2000000e+01
   4.8000000e+01
   1.2400000e+02
   6.5000000e+01
   7.7000000e+01
   7.8000000e+01
   1.0800000e+02
   1.1000000e+02
   1.3000000e+02
   1.3400000e+02
   1.1200000e+02
   9.1000000e+01
   1.1800000e+02
   7.0000000e+00
   1.1000000e+01
   1.9000000e+01
   2.4000000e+01
   3.1000000e+01
   3.5000000e+01
   2.9000000e+01
   4.2000000e+01
   4.8000000e+01
   1.2400000e+02
   6.5000000e+01
   7.7000000e+01
   7.8000000e+01
   1.0800000e+02
   1.1000000e+02
   1.3000000e+02
   1.3400000e+02
   1.1200000e+02
   9.1000000e+01
   1.1800000e+02
   7.0000000e+00
   1.1000000e+01
   1.9000000e+01
   2.4000000e+01
   3.1000000e+01
   3.5000000e+01
   2.9000000e+01
   4.2000000e+01
   4.8000000e+01
   1.2400000e+02
   6.5000000e+01
   7.7000000e+01
   7.8000000e+01
   1.0800000e+02
   1.1000000e+02
   1.3000000e+02
   1.3400000e+02
   1.1200000e+02
   9.1000000e+01
   1.1800000e+02
   7.0000000e+00
   1.1000000e+01
   1.9000000e+01
   2.4000000e+01
   3.1000000e+01
   3.5000000e+01
   2.9000000e+01
   4.2000000e+01
   4.8000000e+01
   1.2400000e+02
   6.5000000e+01
   7.7000000e+01
   7.8000000e+01
   1.0800000e+02
   1.1000000e+02
   1.3000000e+02
   1.3400000e+02
   1.1200000e+02
   9.1000000e+01
   1.1800000e+02
   7.0000000e+00
   1.1000000e+01
   1.9000000e+01
   2.4000000e+01
   3.1000000e+01
   3.5000000e+01
   2.9000000e+01
   4.2000000e+01
   4.8000000e+01
   1.2400000e+02
   6.5000000e+01
   7.7000000e+01
   7.8000000e+01
   1.0800000e+02
   1.1000000e+02
   1.3000000e+02
   1.3400000e+02
   1.1200000e+02
   9.1000000e+01
   1.1800000e+02
   7.0000000e+00
   1.1000000e+01
   1.9000000e+01
   2.4000000e+01
   3.1000000e+01
   3.5000000e+01
   2.9000000e+01
   4.2000000e+01
   4.8000000e+01
   1.2400000e+02
   6.5000000e+01
   7.7000000e+01
   7.8000000e+01
   1.0800000e+02
   1.1000000e+02
   1.3000000e+02
   1.3400000e+02
   1.1200000e+02
   9.1000000e+01
   1.1800000e+02
   7.0000000e+00
   1.1000000e+01
   1.9000000e+01
   2.4000000e+01
   3.1000000e+01
   3.5000000e+01
   2.9000000e+01
   4.2000000e+01
   4.8000000e+01
   1.2400000e+02
   6.5000000e+01
   7.7000000e+01
   7.8000000e+01
   1.0800000e+02
   1.1000000e+02
   1.3000000e+02
   1.3400000e+02
   1.1200000e+02
   9.1000000e+01
   1.1800000e+02
   7.0000000e+00
   1.1000000e+01
   1.9000000e+01
   2.4000000e+01
   3.1000000e+01
   3.5000000e+01
   2.9000000e+01
   4.2000000e+01
   4.8000000e+01
   1.2400000e+02
   6.5000000e+01
   7.7000000e+01
   7.8000000e+01
   1.0800000e+02
   1.1000000e+02
   1.3000000e+02
   1.3400000e+02
   1.1200000e+02
   9.1000000e+01
   1.1800000e+02
   7.0000000e+00
   1.1000000e+01
   1.9000000e+01
   2.4000000e+01
   3.1000000e+01
   3.5000000e+01
   2.9000000e+01
   4.2000000e+01
   4.8000000e+01
   1.2400000e+02
   6.5000000e+01
   7.7000000e+01
   7.8000000e+01
   1.0800000e+02
   1.1000000e+02
   1.3000000e+02
   1.3400000e+02
   1.1200000e+02
   9.1000000e+01
   1.1800000e+02
   7.0000000e+00
   1.1000000e+01
   1.9000000e+01
   2.4000000e+01
   3.1000000e+01
   3.5000000e+01
   2.9000000e+01
   4.2000000e+01
   4.8000000e+01
   1.2400000e+02
   6.5000000e+01
   7.7000000e+01
   7.8000000e+01
   1.0800000e+02
   1.1000000e+02
   1.3000000e+02
   1.3400000e+02
   1.1200000e+02
   9.1000000e+01
   1.1800000e+02
   7.0000000e+00
   1.1000000e+01
   1.9000000e+01
   2.4000000e+01
   3.1000000e+01
   3.5000000e+01
   2.9000000e+01
   4.2000000e+01
   4.8000000e+01
   1.2400000e+02
   6.5000000e+01
   7.7000000e+01
   7.8000000e+01
   1.0800000e+02
   1.1000000e+02
   1.3000000e+02
   1.3400000e+02
   1.1200000e+02
   9.1000000e+01
   1.1800000e+02
   7.0000000e+00
   1.1000000e+01
   1.9000000e+01
   2.4000000e+01
   3.1000000e+01
   3.5000000e+01
   2.9000000e+01
   4.2000000e+01
   4.8000000e+01
   1.2400000e+02
   6.5000000e+01
   7.7000000e+01
   7.8000000e+01
   1.0800000e+02
   1.1000000e+02
   1.3000000e+02
   1.3400000e+02
   1.1200000e+02
   9.1000000e+01
   1.1800000e+02
   7.0000000e+00
   1.1000000e+01
   1.9000000e+01
   2.4000000e+01
   3.1000000e+01
   3.5000000e+01
   2.9000000e+01
   4.2000000e+01
   4.8000000e+01
   1.2400000e+02
   6.5000000e+01
   7.7000000e+01
   7.8000000e+01
   1.0800000e+02
   1.1000000e+02
   1.3000000e+02
   1.3400000e+02
   1.1200000e+02
   9.1000000e+01
   1.1800000e+02
   7.0000000e+00
   1.1000000e+01
   1.9000000e+01
   2.4000000e+01
   3.1000000e+01
   3.5000000e+01
   2.9000000e+01
   4.2000000e+01
   4.8000000e+01
   1.2400000e+02
   6.5000000e+01
   7.7000000e+01
   7.8000000e+01
   1.0800000e+02
   1.1000000e+02
   1.3000000e+02
   1.3400000e+02
   1.1200000e+02
   9.1000000e+01
   1.1800000e+02
   7.0000000e+00
   1.1000000e+01
   1.9000000e+01
   2.4000000e+01
   3.1000000e+01
   3.5000000e+01
   2.9000000e+01
   4.2000000e+01
   4.8000000e+01
   1.2400000e+02
   6.5000000e+01
   7.7000000e+01
   7.8000000e+01
   1.0800000e+02
   1.1000000e+02
   1.3000000e+02
   1.3400000e+02
   1.1200000e+02
   9.1000000e+01
   1.1800000e+02
   7.0000000e+00
   1.1000000e+01
   1.9000000e+01
   2.4000000e+01
   3.1000000e+01
   3.5000000e+01
   2.9000000e+01
   4.2000000e+01
   4.8000000e+01
   1.2400000e+02
   6.5000000e+01
   7.7000000e+01
   7.8000000e+01
   1.0800000e+02
   1.1000000e+02
   1.3000000e+02
   1.3400000e+02
   1.1200000e+02
   9.1000000e+01
   1.1800000e+02
   7.0000000e+00
   1.1000000e+01
   1.9000000e+01
   2.4000000e+01
   3.1000000e+01
   3.5000000e+01
   2.9000000e+01
   4.2000000e+01
   4.8000000e+01
   1.2400000e+02
   6.5000000e+01
   7.7000000e+01
   7.8000000e+01
   1.0800000e+02
   1.1000000e+02
   1.3000000e+02
   1.3400000e+02
   1.1200000e+02
   9.1000000e+01
   1.1800000e+02
   7.0000000e+00
   1.1000000e+01
   1.9000000e+01
   2.4000000e+01
   3.1000000e+01
   3.5000000e+01
   2.9000000e+01
   4.2000000e+01
   4.8000000e+01
   1.2400000e+02
   6.5000000e+01
   7.7000000e+01
   7.8000000e+01
   1.0800000e+02
   1.1000000e+02
   1.3000000e+02
   1.3400000e+02
   1.1200000e+02
   9.1000000e+01
   1.1800000e+02
   7.0000000e+00
   1.1000000e+01
   1.9000000e+01
   2.4000000e+01
   3.1000000e+01
   3.5000000e+01
   2.9000000e+01
   4.2000000e+01
   4.8000000e+01
   1.2400000e+02
   6.5000000e+01
   7.7000000e+01
   7.8000000e+01
   1.0800000e+02
   1.1000000e+02
   1.3000000e+02
   1.3400000e+02
   1.1200000e+02
   9.1000000e+01
   1.1800000e+02
   7.0000000e+00
   1.1000000e+01
   1.9000000e+01
   2.4000000e+01
   3.1000000e+01
   3.5000000e+01
   2.9000000e+01
   4.2000000e+01
   4.8000000e+01
   1.2400000e+02
   6.5000000e+01
   7.7000000e+01
   7.8000000e+01
   1.0800000e+02
   1.1000000e+02
   1.3000000e+02
   1.3400000e+02
   1.1200000e+02
   9.1000000e+01
   1.1800000e+02
   7.0000000e+00
   1.1000000e+01
   1.9000000e+01
   2.4000000e+01
   3.1000000e+01
   3.5000000e+01
   2.9000000e+01
   4.2000000e+01
   4.8000000e+01
   1.2400000e+02
   6.5000000e+01
   7.7000000e+01
   7.8000000e+01
   1.0800000e+02
   1.1000000e+02
   1.3000000e+02
   1.3400000e+02
   1.1200000e+02
   9.1000000e+01
   1.1800000e+02
   7.0000000e+00
   1.1000000e+01
   1.9000000e+01
   2.4000000e+01
   3.1000000e+01
   3.5000000e+01
   2.9000000e+01
   4.2000000e+01
   4.8000000e+01
   1.2400000e+02
   6.5000000e+01
   7.7000000e+01
   7.8000000e+01
   1.0800000e+02
   1.1000000e+02
   1.3000000e+02
   1.3400000e+02
   1.1200000e+02
   9.1000000e+01
   1.1800000e+02
   7.0000000e+00
   1.1000000e+01
   1.9000000e+01
   2.4000000e+01
   3.1000000e+01
   3.5000000e+01
   2.9000000e+01
   4.2000000e+01
   4.8000000e+01
   1.2400000e+02
   6.5000000e+01
   7.7000000e+01
   7.8000000e+01
   1.0800000e+02
   1.1000000e+02
   1.3000000e+02
   1.3400000e+02
   1.1200000e+02
   9.1000000e+01
   1.1800000e+02
   7.0000000e+00
   1.1000000e+01
   1.9000000e+01
   2.4000000e+01
   3.1000000e+01
   3.5000000e+01
   2.9000000e+01
   4.2000000e+01
   4.8000000e+01
   1.2400000e+02
   6.5000000e+01
   7.7000000e+01
   7.8000000e+01
   1.0800000e+02
   1.1000000e+02
   1.3000000e+02
   1.3400000e+02
   1.1200000e+02
   9.1000000e+01
   1.1800000e+02
   7.0000000e+00
   1.1000000e+01
   1.9000000e+01
   2.4000000e+01
   3.1000000e+01
   3.5000000e+01
   2.9000000e+01
   4.2000000e+01
   4.8000000e+01
   1.2400000e+02
   6.5000000e+01
   7.7000000e+01
   7.8000000e+01
   1.0800000e+02
   1.1000000e+02
   1.3000000e+02
   1.3400000e+02
   1.1200000e+02
   9.1000000e+01
   1.1800000e+02
   7.0000000e+00
   1.1000000e+01
   1.9000000e+01
   2.4000000e+01
   3.1000000e+01
   3.5000000e+01
   2.9000000e+01
   4.2000000e+01
   4.8000000e+01
   1.2400000e+02
   6.5000000e+01
   7.7000000e+01
   7.8000000e+01
   1.0800000e+02
   1.1000000e+02
   1.3000000e+02
   1.3400000e+02
   1.1200000e+02
   9.1000000e+01
   1.1800000e+02
   7.0000000e+00
   1.1000000e+01
   1.9000000e+01
   2.4000000e+01
   3.1000000e+01
   3.5000000e+01
   2.9000000e+01
   4.2000000e+01
   4.8000000e+01
   1.2400000e+02
   6.5000000e+01
   7.7000000e+01
   7.8000000e+01
   1.0800000e+02
   1.1000000e+02
   1.3000000e+02
   1.3400000e+02
   1.1200000e+02
   9.1000000e+01
   1.1800000e+02
   7.0000000e+00
   1.1000000e+01
   1.9000000e+01
   2.4000000e+01
   3.1000000e+01
   3.5000000e+01
   2.9000000e+01
   4.2000000e+01
   4.8000000e+01
   1.2400000e+02
   6.5000000e+01
   7.7000000e+01
   7.8000000e+01
   1.0800000e+02
   1.1000000e+02
   1.3000000e+02
   1.3400000e+02
   1.1200000e+02
   9.1000000e+01
   1.1800000e+02
   7.0000000e+00
   1.1000000e+01
   1.9000000e+01
   2.4000000e+01
   3.1000000e+01
   3.5000000e+01
   2.9000000e+01
   4.2000000e+01
   4.8000000e+01
   1.2400000e+02
   6.5000000e+01
   7.7000000e+01
   7.8000000e+01
   1.0800000e+02
   1.1000000e+02
   1.3000000e+02
   1.3400000e+02
   1.1200000e+02
   9.1000000e+01
   1.1800000e+02
   7.0000000e+00
   1.1000000e+01
   1.9000000e+01
   2.4000000e+01
   3.1000000e+01
   3.5000000e+01
   2.9000000e+01
   4.2000000e+01
   4.8000000e+01
   1.2400000e+02
   6.5000000e+01
   7.7000000e+01
   7.8000000e+01
   1.0800000e+02
   1.1000000e+02
   1.3000000e+02
   1.3400000e+02
   1.1200000e+02
   9.1000000e+01
   1.1800000e+02
   7.0000000e+00
   1.1000000e+01
   1.9000000e+01
   2.4000000e+01
   3.1000000e+01
   3.5000000e+01
   2.9000000e+01
   4.2000000e+01
   4.8000000e+01
   1.2400000e+02
   6.5000000e+01
   7.7000000e+01
   7.8000000e+01
   1.0800000e+02
   1.1000000e+02
   1.3000000e+02
   1.3400000e+02
   1.1200000e+02
   9.1000000e+01
   1.1800000e+02
   7.0000000e+00
   1.1000000e+01
   1.9000000e+01
   2.4000000e+01
   3.1000000e+01
   3.5000000e+01
   2.9000000e+01
   4.2000000e+01
   4.8000000e+01
   1.2400000e+02
   6.5000000e+01
   7.7000000e+01
   7.8000000e+01
   1.0800000e+02
   1.1000000e+02
   1.3000000e+02
   1.3400000e+02
   1.1200000e+02
   9.1000000e+01
   1.1800000e+02
   7.0000000e+00
   1.1000000e+01
   1.9000000e+01
   2.4000000e+01
   3.1000000e+01
   3.5000000e+01
   2.9000000e+01
   4.2000000e+01
   4.8000000e+01
   1.2400000e+02
   6.5000000e+01
   7.7000000e+01
   7.8000000e+01
   1.0800000e+02
   1.1000000e+02
   1.3000000e+02
   1.3400000e+02
   1.1200000e+02
   9.1000000e+01
   1.1800000e+02
   7.0000000e+00
   1.1000000e+01
   1.9000000e+01
   2.4000000e+01
   3.1000000e+01
   3.5000000e+01
   2.9000000e+01
   4.2000000e+01
   4.8000000e+01
   1.2400000e+02
   6.5000000e+01
   7.7000000e+01
   7.8000000e+01
   1.0800000e+02
   1.1000000e+02
   1.3000000e+02
   1.3400000e+02
   1.1200000e+02
   9.1000000e+01
   1.1800000e+02
   7.0000000e+00
   1.1000000e+01
   1.9000000e+01
   2.4000000e+01
   3.1000000e+01
   3.5000000e+01
   2.9000000e+01
   4.2000000e+01
   4.8000000e+01
   1.2400000e+02
   6.5000000e+01
   7.7000000e+01
   7.8000000e+01
   1.0800000e+02
   1.1000000e+02
   1.3000000e+02
   1.3400000e+02
   1.1200000e+02
   9.1000000e+01
   1.1800000e+02
   7.0000000e+00
   1.1000000e+01
   1.9000000e+01
   2.4000000e+01
   3.1000000e+01
   3.5000000e+01
   2.9000000e+01
   4.2000000e+01
   4.8000000e+01
   1.2400000e+02
   6.5000000e+01
   7.7000000e+01
   7.8000000e+01
   1.0800000e+02
   1.1000000e+02
   1.3000000e+02
   1.3400000e+02
   1.1200000e+02
   9.1000000e+01
   1.1800000e+02
   7.0000000e+00
   1.1000000e+01
   1.9000000e+01
   2.4000000e+01
   3.1000000e+01
   3.5000000e+01
   2.9000000e+01
   4.2000000e+01
   4.8000000e+01
   1.2400000e+02
   6.5000000e+01
   7.7000000e+01
   7.8000000e+01
   1.0800000e+02
   1.1000000e+02
   1.3000000e+02
   1.3400000e+02
   1.1200000e+02
   9.1000000e+01
   1.1800000e+02
   7.0000000e+00
   1.1000000e+01
   1.9000000e+01
   2.4000000e+01
   3.1000000e+01
   3.5000000e+01
   2.9000000e+01
   4.2000000e+01
   4.8000000e+01
   1.2400000e+02
   6.5000000e+01
   7.7000000e+01
   7.8000000e+01
   1.0800000e+02
   1.1000000e+02
   1.3000000e+02
   1.3400000e+02
   1.1200000e+02
   9.1000000e+01
   1.1800000e+02
   7.0000000e+00
   1.1000000e+01
   1.9000000e+01
   2.4000000e+01
   3.1000000e+01
   3.5000000e+01
   2.9000000e+01
   4.2000000e+01
   4.8000000e+01
   1.2400000e+02
   6.5000000e+01
   7.7000000e+01
   7.8000000e+01
   1.0800000e+02
   1.1000000e+02
   1.3000000e+02
   1.3400000e+02
   1.1200000e+02
   9.1000000e+01
   1.1800000e+02
   7.0000000e+00
   1.1000000e+01
   1.9000000e+01
   2.4000000e+01
   3.1000000e+01
   3.5000000e+01
   2.9000000e+01
   4.2000000e+01
   4.8000000e+01
   1.2400000e+02
   6.5000000e+01
   7.7000000e+01
   7.8000000e+01
   1.0800000e+02
   1.1000000e+02
   1.3000000e+02
   1.3400000e+02
   1.1200000e+02
   9.1000000e+01
   1.1800000e+02
   7.0000000e+00
   1.1000000e+01
   1.9000000e+01
   2.4000000e+01
   3.1000000e+01
   3.5000000e+01
   2.9000000e+01
   4.2000000e+01
   4.8000000e+01
   1.2400000e+02
   6.5000000e+01
   7.7000000e+01
   7.8000000e+01
   1.0800000e+02
   1.1000000e+02
   1.3000000e+02
   1.3400000e+02
   1.1200000e+02
   9.1000000e+01
   1.1800000e+02
   7.0000000e+00
   1.1000000e+01
   1.9000000e+01
   2.4000000e+01
   3.1000000e+01
   3.5000000e+01
   2.9000000e+01
   4.2000000e+01
   4.8000000e+01
   1.2400000e+02
   6.5000000e+01
   7.7000000e+01
   7.8000000e+01
   1.0800000e+02
   1.1000000e+02
   1.3000000e+02
   1.3400000e+02
   1.1200000e+02
   9.1000000e+01
   1.1800000e+02
   7.0000000e+00
   1.1000000e+01
   1.9000000e+01
   2.4000000e+01
   3.1000000e+01
   3.5000000e+01
   2.9000000e+01
   4.2000000e+01
   4.8000000e+01
   1.2400000e+02
   6.5000000e+01
   7.7000000e+01
   7.8000000e+01
   1.0800000e+02
   1.1000000e+02
   1.3000000e+02
   1.3400000e+02
   1.1200000e+02
   9.1000000e+01
   1.1800000e+02
   7.0000000e+00
   1.1000000e+01
   1.9000000e+01
   2.4000000e+01
   3.1000000e+01
   3.5000000e+01
   2.9000000e+01
   4.2000000e+01
   4.8000000e+01
   1.2400000e+02
   6.5000000e+01
   7.7000000e+01
   7.8000000e+01
   1.0800000e+02
   1.1000000e+02
   1.3000000e+02
   1.3400000e+02
   1.1200000e+02
   9.1000000e+01
   1.1800000e+02
   7.0000000e+00
   1.1000000e+01
   1.9000000e+01
   2.4000000e+01
   3.1000000e+01
   3.5000000e+01
   2.9000000e+01
   4.2000000e+01
   4.8000000e+01
   1.2400000e+02
   6.5000000e+01
   7.7000000e+01
   7.8000000e+01
   1.0800000e+02
   1.1000000e+02
   1.3000000e+02
   1.3400000e+02
   1.1200000e+02
   9.1000000e+01
   1.1800000e+02
   7.0000000e+00
   1.1000000e+01
   1.9000000e+01
   2.4000000e+01
   3.1000000e+01
   3.5000000e+01
   2.9000000e+01
   4.2000000e+01
   4.8000000e+01
   1.2400000e+02
   6.5000000e+01
   7.7000000e+01
   7.8000000e+01
   1.0800000e+02
   1.1000000e+02
   1.3000000e+02
   1.3400000e+02
   1.1200000e+02
   9.1000000e+01
   1.1800000e+02
   7.0000000e+00
   1.1000000e+01
   1.9000000e+01
   2.4000000e+01
   3.1000000e+01
   3.5000000e+01
   2.9000000e+01
   4.2000000e+01
   4.8000000e+01
   1.2400000e+02
   6.5000000e+01
   7.7000000e+01
   7.8000000e+01
   1.0800000e+02
   1.1000000e+02
   1.3000000e+02
   1.3400000e+02
   1.1200000e+02
   9.1000000e+01
   1.1800000e+02
   7.0000000e+00
   1.1000000e+01
   1.9000000e+01
   2.4000000e+01
   3.1000000e+01
   3.5000000e+01
   2.9000000e+01
   4.2000000e+01
   4.8000000e+01
   1.2400000e+02
   6.5000000e+01
   7.7000000e+01
   7.8000000e+01
   1.0800000e+02
   1.1000000e+02
   1.3000000e+02
   1.3400000e+02
   1.1200000e+02
   9.1000000e+01
   1.1800000e+02
   7.0000000e+00
   1.1000000e+01
   1.9000000e+01
   2.4000000e+01
   3.1000000e+01
   3.5000000e+01
   2.9000000e+01
   4.2000000e+01
   4.8000000e+01
   1.2400000e+02
   6.5000000e+01
   7.7000000e+01
   7.8000000e+01
   1.0800000e+02
   1.1000000e+02
   1.3000000e+02
   1.3400000e+02
   1.1200000e+02
   9.1000000e+01
   1.1800000e+02
   7.0000000e+00
   1.1000000e+01
   1.9000000e+01
   2.4000000e+01
   3.1000000e+01
   3.5000000e+01
   2.9000000e+01
   4.2000000e+01
   4.8000000e+01
   1.2400000e+02
   6.5000000e+01
   7.7000000e+01
   7.8000000e+01
   1.0800000e+02
   1.1000000e+02
   1.3000000e+02
   1.3400000e+02
   1.1200000e+02
   9.1000000e+01
   1.1800000e+02
   7.0000000e+00
   1.1000000e+01
   1.9000000e+01
   2.4000000e+01
   3.1000000e+01
   3.5000000e+01
   2.9000000e+01
   4.2000000e+01
   4.8000000e+01
   1.2400000e+02
   6.5000000e+01
   7.7000000e+01
   7.8000000e+01
   1.0800000e+02
   1.1000000e+02
   1.3000000e+02
   1.3400000e+02
   1.1200000e+02
   9.1000000e+01
   1.1800000e+02
   7.0000000e+00
   1.1000000e+01
   1.9000000e+01
   2.4000000e+01
   3.1000000e+01
   3.5000000e+01
   2.9000000e+01
   4.2000000e+01
   4.8000000e+01
   1.2400000e+02
   6.5000000e+01
   7.7000000e+01
   7.8000000e+01
   1.0800000e+02
   1.1000000e+02
   1.3000000e+02
   1.3400000e+02
   1.1200000e+02
   9.1000000e+01
   1.1800000e+02
   7.0000000e+00
   1.1000000e+01
   1.9000000e+01
   2.4000000e+01
   3.1000000e+01
   3.5000000e+01
   2.9000000e+01
   4.2000000e+01
   4.8000000e+01
   1.2400000e+02
   6.5000000e+01
   7.7000000e+01
   7.8000000e+01
   1.0800000e+02
   1.1000000e+02
   1.3000000e+02
   1.3400000e+02
   1.1200000e+02
   9.1000000e+01
   1.1800000e+02
   7.0000000e+00
   1.1000000e+01
   1.9000000e+01
   2.4000000e+01
   3.1000000e+01
   3.5000000e+01
   2.9000000e+01
   4.2000000e+01
   4.8000000e+01
   1.2400000e+02
   6.5000000e+01
   7.7000000e+01
   7.8000000e+01
   1.0800000e+02
   1.1000000e+02
   1.3000000e+02
   1.3400000e+02
   1.1200000e+02
   9.1000000e+01
   1.1800000e+02
   7.0000000e+00
   1.1000000e+01
   1.9000000e+01
   2.4000000e+01
   3.1000000e+01
   3.5000000e+01
   2.9000000e+01
   4.2000000e+01
   4.8000000e+01
   1.2400000e+02
   6.5000000e+01
   7.7000000e+01
   7.8000000e+01
   1.0800000e+02
   1.1000000e+02
   1.3000000e+02
   1.3400000e+02
   1.1200000e+02
   9.1000000e+01
   1.1800000e+02
   7.0000000e+00
   1.1000000e+01
   1.9000000e+01
   2.4000000e+01
   3.1000000e+01
   3.5000000e+01
   2.9000000e+01
   4.2000000e+01
   4.8000000e+01
   1.2400000e+02
   6.5000000e+01
   7.7000000e+01
   7.8000000e+01
   1.0800000e+02
   1.1000000e+02
   1.3000000e+02
   1.3400000e+02
   1.1200000e+02
   9.1000000e+01
   1.1800000e+02
   7.0000000e+00
   1.1000000e+01
   1.9000000e+01
   2.4000000e+01
   3.1000000e+01
   3.5000000e+01
   2.9000000e+01
   4.2000000e+01
   4.8000000e+01
   1.2400000e+02
   6.5000000e+01
   7.7000000e+01
   7.8000000e+01
   1.0800000e+02
   1.1000000e+02
   1.3000000e+02
   1.3400000e+02
   1.1200000e+02
   9.1000000e+01
   1.1800000e+02
   7.0000000e+00
   1.1000000e+01
   1.9000000e+01
   2.4000000e+01
   3.1000000e+01
   3.5000000e+01
   2.9000000e+01
   4.2000000e+01
   4.8000000e+01
   1.2400000e+02
   6.5000000e+01
   7.7000000e+01
   7.8000000e+01
   1.0800000e+02
   1.1000000e+02
   1.3000000e+02
   1.3400000e+02
   1.1200000e+02
   9.1000000e+01
   1.1800000e+02
   7.4000000e+01
   8.4000000e+01
   9.0000000e+01
   9.2000000e+01
   9.8000000e+01
   7.4000000e+01
   8.4000000e+01
   9.0000000e+01
   9.2000000e+01
   9.8000000e+01
   7.4000000e+01
   8.4000000e+01
   9.0000000e+01
   9.2000000e+01
   9.8000000e+01
   7.4000000e+01
   8.4000000e+01
   9.0000000e+01
   9.2000000e+01
   9.8000000e+01
   7.4000000e+01
   8.4000000e+01
   9.0000000e+01
   9.2000000e+01
   9.8000000e+01
   7.4000000e+01
   8.4000000e+01
   9.0000000e+01
   9.2000000e+01
   9.8000000e+01
   7.4000000e+01
   8.4000000e+01
   9.0000000e+01
   9.2000000e+01
   9.8000000e+01
   7.4000000e+01
   8.4000000e+01
   9.0000000e+01
   9.2000000e+01
   9.8000000e+01
   7.4000000e+01
   8.4000000e+01
   9.0000000e+01
   9.2000000e+01
   9.8000000e+01
   7.4000000e+01
   8.4000000e+01
   9.0000000e+01
   9.2000000e+01
   9.8000000e+01
   7.4000000e+01
   8.4000000e+01
   9.0000000e+01
   9.2000000e+01
   9.8000000e+01
   7.4000000e+01
   8.4000000e+01
   9.0000000e+01
   9.2000000e+01
   9.8000000e+01
   7.4000000e+01
   8.4000000e+01
   9.0000000e+01
   9.2000000e+01
   9.8000000e+01
   7.4000000e+01
   8.4000000e+01
   9.0000000e+01
   9.2000000e+01
   9.8000000e+01
   7.4000000e+01
   8.4000000e+01
   9.0000000e+01
   9.2000000e+01
   9.8000000e+01
   7.4000000e+01
   8.4000000e+01
   9.0000000e+01
   9.2000000e+01
   9.8000000e+01
   7.4000000e+01
   8.4000000e+01
   9.0000000e+01
   9.2000000e+01
   9.8000000e+01
   7.4000000e+01
   8.4000000e+01
   9.0000000e+01
   9.2000000e+01
   9.8000000e+01
   7.4000000e+01
   8.4000000e+01
   9.0000000e+01
   9.2000000e+01
   9.8000000e+01
   7.4000000e+01
   8.4000000e+01
   9.0000000e+01
   9.2000000e+01
   9.8000000e+01
   7.4000000e+01
   8.4000000e+01
   9.0000000e+01
   9.2000000e+01
   9.8000000e+01
   7.4000000e+01
   8.4000000e+01
   9.0000000e+01
   9.2000000e+01
   9.8000000e+01
   7.4000000e+01
   8.4000000e+01
   9.0000000e+01
   9.2000000e+01
   9.8000000e+01
   7.4000000e+01
   8.4000000e+01
   9.0000000e+01
   9.2000000e+01
   9.8000000e+01
   7.4000000e+01
   8.4000000e+01
   9.0000000e+01
   9.2000000e+01
   9.8000000e+01
   7.4000000e+01
   8.4000000e+01
   9.0000000e+01
   9.2000000e+01
   9.8000000e+01
   7.4000000e+01
   8.4000000e+01
   9.0000000e+01
   9.2000000e+01
   9.8000000e+01
   7.4000000e+01
   8.4000000e+01
   9.0000000e+01
   9.2000000e+01
   9.8000000e+01
   7.4000000e+01
   8.4000000e+01
   9.0000000e+01
   9.2000000e+01
   9.8000000e+01
   7.4000000e+01
   8.4000000e+01
   9.0000000e+01
   9.2000000e+01
   9.8000000e+01
   7.4000000e+01
   8.4000000e+01
   9.0000000e+01
   9.2000000e+01
   9.8000000e+01
   7.4000000e+01
   8.4000000e+01
   9.0000000e+01
   9.2000000e+01
   9.8000000e+01
   7.4000000e+01
   8.4000000e+01
   9.0000000e+01
   9.2000000e+01
   9.8000000e+01
   7.4000000e+01
   8.4000000e+01
   9.0000000e+01
   9.2000000e+01
   9.8000000e+01
   7.4000000e+01
   8.4000000e+01
   9.0000000e+01
   9.2000000e+01
   9.8000000e+01
   7.4000000e+01
   8.4000000e+01
   9.0000000e+01
   9.2000000e+01
   9.8000000e+01
   7.4000000e+01
   8.4000000e+01
   9.0000000e+01
   9.2000000e+01
   9.8000000e+01
   7.4000000e+01
   8.4000000e+01
   9.0000000e+01
   9.2000000e+01
   9.8000000e+01
   7.4000000e+01
   8.4000000e+01
   9.0000000e+01
   9.2000000e+01
   9.8000000e+01
   7.4000000e+01
   8.4000000e+01
   9.0000000e+01
   9.2000000e+01
   9.8000000e+01
   7.4000000e+01
   8.4000000e+01
   9.0000000e+01
   9.2000000e+01
   9.8000000e+01
   7.4000000e+01
   8.4000000e+01
   9.0000000e+01
   9.2000000e+01
   9.8000000e+01
   7.4000000e+01
   8.4000000e+01
   9.0000000e+01
   9.2000000e+01
   9.8000000e+01
   7.4000000e+01
   8.4000000e+01
   9.0000000e+01
   9.2000000e+01
   9.8000000e+01
   7.4000000e+01
   8.4000000e+01
   9.0000000e+01
   9.2000000e+01
   9.8000000e+01
   7.4000000e+01
   8.4000000e+01
   9.0000000e+01
   9.2000000e+01
   9.8000000e+01
   7.4000000e+01
   8.4000000e+01
   9.0000000e+01
   9.2000000e+01
   9.8000000e+01
   7.4000000e+01
   8.4000000e+01
   9.0000000e+01
   9.2000000e+01
   9.8000000e+01
   7.4000000e+01
   8.4000000e+01
   9.0000000e+01
   9.2000000e+01
   9.8000000e+01
   7.4000000e+01
   8.4000000e+01
   9.0000000e+01
   9.2000000e+01
   9.8000000e+01
   7.4000000e+01
   8.4000000e+01
   9.0000000e+01
   9.2000000e+01
   9.8000000e+01
   7.4000000e+01
   8.4000000e+01
   9.0000000e+01
   9.2000000e+01
   9.8000000e+01
   7.4000000e+01
   8.4000000e+01
   9.0000000e+01
   9.2000000e+01
   9.8000000e+01
   7.4000000e+01
   8.4000000e+01
   9.0000000e+01
   9.2000000e+01
   9.8000000e+01
   7.4000000e+01
   8.4000000e+01
   9.0000000e+01
   9.2000000e+01
   9.8000000e+01
   7.4000000e+01
   8.4000000e+01
   9.0000000e+01
   9.2000000e+01
   9.8000000e+01
   7.4000000e+01
   8.4000000e+01
   9.0000000e+01
   9.2000000e+01
   9.8000000e+01
   7.4000000e+01
   8.4000000e+01
   9.0000000e+01
   9.2000000e+01
   9.8000000e+01
   7.4000000e+01
   8.4000000e+01
   9.0000000e+01
   9.2000000e+01
   9.8000000e+01
   7.4000000e+01
   8.4000000e+01
   9.0000000e+01
   9.2000000e+01
   9.8000000e+01
   7.4000000e+01
   8.4000000e+01
   9.0000000e+01
   9.2000000e+01
   9.8000000e+01
   7.4000000e+01
   8.4000000e+01
   9.0000000e+01
   9.2000000e+01
   9.8000000e+01
   7.4000000e+01
   8.4000000e+01
   9.0000000e+01
   9.2000000e+01
   9.8000000e+01
   7.4000000e+01
   8.4000000e+01
   9.0000000e+01
   9.2000000e+01
   9.8000000e+01
   7.4000000e+01
   8.4000000e+01
   9.0000000e+01
   9.2000000e+01
   9.8000000e+01
   7.4000000e+01
   8.4000000e+01
   9.0000000e+01
   9.2000000e+01
   9.8000000e+01
   7.4000000e+01
   8.4000000e+01
   9.0000000e+01
   9.2000000e+01
   9.8000000e+01
   7.4000000e+01
   8.4000000e+01
   9.0000000e+01
   9.2000000e+01
   9.8000000e+01
   7.4000000e+01
   8.4000000e+01
   9.0000000e+01
   9.2000000e+01
   9.8000000e+01
   7.4000000e+01
   8.4000000e+01
   9.0000000e+01
   9.2000000e+01
   9.8000000e+01
   7.4000000e+01
   8.4000000e+01
   9.0000000e+01
   9.2000000e+01
   9.8000000e+01
   7.4000000e+01
   8.4000000e+01
   9.0000000e+01
   9.2000000e+01
   9.8000000e+01
   7.4000000e+01
   8.4000000e+01
   9.0000000e+01
   9.2000000e+01
   9.8000000e+01
   7.4000000e+01
   8.4000000e+01
   9.0000000e+01
   9.2000000e+01
   9.8000000e+01
   7.4000000e+01
   8.4000000e+01
   9.0000000e+01
   9.2000000e+01
   9.8000000e+01
   7.4000000e+01
   8.4000000e+01
   9.0000000e+01
   9.2000000e+01
   9.8000000e+01
   7.4000000e+01
   8.4000000e+01
   9.0000000e+01
   9.2000000e+01
   9.8000000e+01
   7.4000000e+01
   8.4000000e+01
   9.0000000e+01
   9.2000000e+01
   9.8000000e+01
   7.4000000e+01
   8.4000000e+01
   9.0000000e+01
   9.2000000e+01
   9.8000000e+01
   7.4000000e+01
   8.4000000e+01
   9.0000000e+01
   9.2000000e+01
   9.8000000e+01
   7.4000000e+01
   8.4000000e+01
   9.0000000e+01
   9.2000000e+01
   9.8000000e+01
   7.4000000e+01
   8.4000000e+01
   9.0000000e+01
   9.2000000e+01
   9.8000000e+01
   7.4000000e+01
   8.4000000e+01
   9.0000000e+01
   9.2000000e+01
   9.8000000e+01
   7.4000000e+01
   8.4000000e+01
   9.0000000e+01
   9.2000000e+01
   9.8000000e+01
   7.4000000e+01
   8.4000000e+01
   9.0000000e+01
   9.2000000e+01
   9.8000000e+01
   7.4000000e+01
   8.4000000e+01
   9.0000000e+01
   9.2000000e+01
   9.8000000e+01
   7.4000000e+01
   8.4000000e+01
   9.0000000e+01
   9.2000000e+01
   9.8000000e+01
   7.4000000e+01
   8.4000000e+01
   9.0000000e+01
   9.2000000e+01
   9.8000000e+01
   7.4000000e+01
   8.4000000e+01
   9.0000000e+01
   9.2000000e+01
   9.8000000e+01
   7.4000000e+01
   8.4000000e+01
   9.0000000e+01
   9.2000000e+01
   9.8000000e+01
   7.4000000e+01
   8.4000000e+01
   9.0000000e+01
   9.2000000e+01
   9.8000000e+01
   7.4000000e+01
   8.4000000e+01
   9.0000000e+01
   9.2000000e+01
   9.8000000e+01
   7.4000000e+01
   8.4000000e+01
   9.0000000e+01
   9.2000000e+01
   9.8000000e+01
   7.4000000e+01
   8.4000000e+01
   9.0000000e+01
   9.2000000e+01
   9.8000000e+01
   7.4000000e+01
   8.4000000e+01
   9.0000000e+01
   9.2000000e+01
   9.8000000e+01
   7.4000000e+01
   8.4000000e+01
   9.0000000e+01
   9.2000000e+01
   9.8000000e+01
   7.4000000e+01
   8.4000000e+01
   9.0000000e+01
   9.2000000e+01
   9.8000000e+01
   7.4000000e+01
   8.4000000e+01
   9.0000000e+01
   9.2000000e+01
   9.8000000e+01
   7.4000000e+01
   8.4000000e+01
   9.0000000e+01
   9.2000000e+01
   9.8000000e+01
   7.4000000e+01
   8.4000000e+01
   9.0000000e+01
   9.2000000e+01
   9.8000000e+01
   6.5352733e+02
   6.6570133e+02
   5.0343442e+02
   3.1431720e+01
   7.6334531e+02
   7.8684117e+02
   8.2392759e+02
   3.8284606e+02
   3.5360712e+02
   3.3051826e+02
   7.0245017e+02
   3.8389445e+02
   3.1135381e+01
   4.5664221e+02
   2.7941522e+02
   3.3627867e+02
   5.2183968e+01
   5.3998556e+02
   3.8093663e+02
   9.9843968e+02
   5.2961980e+02
   8.8643935e+02
   8.1557307e+02
   3.2469005e+02
   2.6616311e+02
   2.7781178e+02
   7.5444222e+02
   9.7892516e+02
   6.4246006e+02
   8.5224217e+02
   8.5523946e+02
   5.5885833e+02
   2.5308949e+02
   3.7663100e+02
   5.4504309e+02
   4.4818497e+01
   3.3469217e+02
   8.0258034e+02
   4.9356468e+02
   2.5880025e+02
   2.8467894e+02
   8.1692334e+02
   5.9134296e+02
   3.9386600e+02
   1.1090950e+02
   9.9648718e+02
   5.3002721e+00
   2.5152257e+02
   6.7035357e+02
   6.2118989e+02
   4.2198477e+02
   6.3027420e+02
   3.9344404e+01
   4.4595830e+02
   3.2819370e+02
   7.9749956e+02
   8.5560265e+02
   9.2334703e+02
   2.9594385e+02
   9.0258899e+02
   9.5264104e+01
   3.9498832e+02
   6.7800268e+02
   1.5342009e+02
   6.5262234e+01
   1.0637353e+02
   9.6460518e+01
   3.9588910e+02
   9.8517044e+02
   5.6895365e+02
   2.8227380e+02
   6.6862303e+02
   6.1935672e+02
   9.1546292e+02
   2.0740235e+02
   5.0989258e+01
   7.0305890e+02
   1.5972306e+02
   6.7105708e+02
   6.8314750e+01
   2.9747587e+01
   8.4161703e+02
   7.5392539e+02
   9.7784887e+01
   2.0848490e+02
   8.6948571e+01
   8.6573783e+02
   2.4588426e+01
   2.5156507e+02
   6.1562319e+02
   4.6838587e+02
   7.3835635e+02
   1.9521816e+02
   5.4825808e+02
   4.5911896e+02
   9.7137338e+02
   3.2420199e+02
   2.0260835e+02
   5.6727515e+02
   4.8312866e+02
   2.9241753e+02
   4.0515120e+02
   5.0275838e+02
   7.8967778e+02
   9.3268234e+01
   2.0148476e+02
   2.4773857e+01
   6.8136445e+02
   7.3535086e+02
   1.4946987e+02
   3.0990281e+02
   3.3182054e+02
   1.8659703e+02
   6.8761888e+02
   5.6463145e+02
   5.4420695e+02
   9.3355039e+02
   3.1417305e+01
   6.6230534e+02
   7.7517295e+02
   6.4794635e+02
   9.8472811e+02
   9.5502690e+02
   7.5074675e+02
   9.6795808e+01
   4.6906875e+02
   1.0414888e+02
   3.7215440e+02
   6.9775654e+01
   9.1174162e+02
   5.9991027e+02
   9.8130314e+02
   9.1276009e+02
   5.0036772e+02
   4.7345310e+01
   6.9407516e+02
   7.4033213e+01
   5.3236035e+02
   6.3130716e+02
   8.4667639e+02
   6.2368464e+02
   7.5723809e+01
   2.9974990e+02
   8.8322940e+02
   7.3345669e+02
   5.9062690e+02
   6.2789232e+02
   7.5978387e+02
   2.4735992e+02
   2.2099583e+02
   2.8149803e+02
   7.7749644e+02
   4.1811211e+02
   1.0836243e+02
   4.1429177e+02
   9.1222841e+02
   5.6389669e+02
   7.9453102e+02
   3.0824958e+02
   9.5809288e+01
   7.9239802e+01
   5.5923589e+02
   3.5913185e+02
   8.0531905e+02
   4.6510902e+01
   6.2788496e+02
   3.3897186e+02
   6.2902863e+00
   9.2062685e+02
   1.9110513e+02
   5.9590589e+02
   8.0343403e+02
   2.2701577e+02
   8.6234609e+02
   8.9440916e+02
   2.5931444e+02
   8.0291044e+02
   3.4428247e+02
   1.4298896e+02
   7.8233040e+02
   8.8101852e+02
   8.3030813e+02
   3.8363119e+02
   1.9711890e+02
   5.1220047e+02
   2.7780850e+02
   1.0312041e+02
   1.8974976e+02
   1.2954708e+02
   2.4060982e+02
   5.6320246e+02
   7.2827385e+02
   7.5658135e+02
   1.4685864e+02
   1.2108437e+02
   1.6635996e+02
   4.3843295e+02
   2.9690832e+02
   5.4257193e+02
   9.2443630e+02
   2.5257578e+02
   5.9959596e+02
   2.4129534e+02
   3.3913584e+02
   6.6437002e+02
   5.6810639e+01
   9.8917744e+02
   9.0398791e+02
   7.9405668e+02
   8.4791885e+01
   9.2822194e+02
   5.5618213e+02
   2.9218527e+02
   1.2561175e+01
   4.1829261e+02
   9.9946246e+02
   6.7354094e+02
   5.4984584e+02
   7.7195482e+02
   3.1969066e+02
   6.8930211e+02
   3.6483815e+02
   7.3261495e+01
   9.1788740e+02
   1.0275852e+02
   7.4844670e+02
   7.8429197e+02
   3.5313680e+02
   2.1157131e+01
   1.6422319e+01
   3.3899310e+02
   7.2045660e+02
   9.0139818e+02
   4.7365563e+02
   5.5741769e+01
   4.0776811e+02
   3.3575584e+02
   3.0410311e+02
   2.9648500e+02
   9.7141813e+02
   5.7529319e+02
   2.3737463e+02
   9.1166450e+02
   3.7761428e+01
   5.5703423e+02
   6.7446816e+02
   9.3252574e+02
   9.8848276e+02
   1.7238814e+02
   2.9806912e+00
   1.2320679e+02
   1.6428460e+02
   5.7167138e+02
   5.6741810e+02
   7.5766589e+02
   1.1049293e+02
   7.3537911e+02
   5.3313833e+02
   4.6407082e+02
   5.9442637e+02
   9.8321234e+02
   3.6517785e+02
   2.7545628e+02
   3.2795571e+02
   8.8781779e+02
   7.7576699e+02
   2.3167527e+02
   6.5061795e+02
   3.1859951e+01
   9.7511504e+02
   1.1479232e+02
   1.4238893e+02
   7.1913742e+02
   3.2790139e+02
   6.7792451e+02
   1.0173524e+02
   5.5986868e+02
   1.2277146e+02
   2.5090450e+02
   5.7017520e+02
   8.8830775e+00
   4.6846345e+02
   2.9404425e+02
   2.5934051e+02
   5.1947881e+02
   5.0106580e+02
   6.4557546e+01
   4.8483080e+02
   8.1929709e+02
   6.5966459e+02
   1.9415153e+02
   9.5887018e+02
   9.5393418e+02
   9.0689581e+02
   3.8106937e+02
   6.4179054e+02
   8.2031491e+02
   4.1696137e+02
   7.1781992e+02
   8.3230252e+02
   6.6939650e+02
   5.5699737e+02
   9.5981542e+02
   8.9469787e+02
   1.2592719e+02
   4.5321538e+02
   3.0336713e+02
   1.2696106e+02
   3.2043235e+02
   3.6939772e+02
   8.5704910e+02
   1.8093444e+02
   9.9290597e+01
   1.7633936e+01
   7.9785954e+02
   2.5653521e+02
   3.5983054e+02
   8.0852962e+02
   5.6624731e+02
   7.8207613e+02
   4.8780534e+02
   4.4156584e+02
   3.3794620e+02
   5.4781832e+01
   6.9234251e+02
   1.7721643e+01
   4.2141844e+02
   8.8137583e+02
   1.4804822e+00
   5.0070278e+02
   7.5479706e+02
   6.7550739e+02
   1.8110180e+02
   9.9602290e+02
   8.9146127e+02
   6.9598822e+02
   1.0200709e+02
   8.7167676e+02
   9.0835450e+02
   9.0608159e+02
   5.6713719e+02
   4.0823822e+02
   1.0063800e+02
   5.4387726e+02
   4.4018579e+02
   6.3054525e+02
   2.1449385e+02
   6.3980959e+02
   9.6842045e+02
   6.9721321e+02
   8.8416498e+02
   9.2683580e+02
   9.4525966e+02
   5.1788235e+02
   1.7817804e+02
   8.2197384e+02
   4.8909051e+01
   1.2915660e+02
   9.3192499e+02
   2.8090709e+02
   9.4409579e+02
   6.8433796e+02
   6.7414731e+02
   3.7669910e+02
   8.6810011e+02
   5.5854068e+02
   3.0337338e+02
   8.4923921e+02
   7.8455707e+02
   9.7062793e+02
   9.7824854e+02
   6.0326768e+02
   1.4927603e+01
   2.5693319e+02
   3.1005052e+02
   2.2728885e+02
   7.2256475e+02
   6.4913828e+02
   9.2958410e+02
   5.4399593e+02
   4.4184723e+02
   6.4022971e+02
   2.2017878e+02
   4.9502439e+01
   2.1045442e+02
   8.6418998e+02
   1.1084206e+02
   9.6497198e+02
   4.0366269e+02
   1.8236920e+02
   5.6283781e+02
   4.1236342e+02
   7.8840817e+02
   7.7033247e+01
   2.7241042e+01
   8.4185194e+02
   1.2067947e+02
   9.5264803e+02
   6.1217018e+02
   2.6351363e+02
   6.9648031e+02
   5.2641906e+02
   6.2897916e+02
   6.2064447e+02
   7.2011623e+02
   4.5181642e+01
   8.0583365e+02
   3.9444693e+02
   1.6501353e+02
   8.9729237e+02
   8.9234020e+02
   8.4506956e+02
   5.9701342e+02
   4.1774203e+02
   5.5703871e+02
   5.4388967e+02
   7.1848113e+02
   3.7279049e+02
   2.4019184e+02
   6.6880571e+02
   3.6679038e+01
   3.8558447e+02
   7.8306012e+02
   3.4348044e+02
   5.6601789e+02
   3.1826165e+02
   9.9308177e+02
   2.7323816e+01
   2.7253865e+02
   5.0233714e+02
   3.6967342e+02
   2.2193789e+02
   3.8638268e+02
   8.0426630e+02
   7.8462611e+02
   6.5541345e+02
   3.5742565e+02
   3.3901629e+02
   5.2699817e+01
   8.6286182e+02
   7.3850687e+01
   6.8460498e+02
   5.7358679e+02
   4.3095237e+02
   4.8619122e+02
   6.7852690e+02
   2.0321166e+02
   3.6827767e+02
   7.5989333e+02
   1.0500137e+02
   6.3913205e+02
   7.5555882e+02
   6.4620436e+02
   6.6841709e+02
   5.9228658e+02
   7.4031780e+02
   4.6408044e+02
   1.4357904e+02
   3.1871695e+02
   8.4784878e+02
   6.5781784e+02
   3.8895789e+02
   9.1701309e+02
   5.2760282e+02
   1.5890515e+02
   6.9301447e+02
   7.8340606e+02
   8.4645008e+02
   4.5729246e+02
   8.8959896e+01
   1.3562414e+02
   5.7131789e+02
   6.2353799e+02
   6.9715418e+02
   4.1573114e+02
   1.3873394e+02
   3.1009573e+02
   7.1235548e+02
   2.1245112e+02
   7.3380478e+02
   3.8934207e+02
   2.1102645e+01
   6.5083006e+02
   6.3435803e+02
   7.1842891e+02
   8.0161713e+02
   6.8086729e+02
   2.7698721e+02
   6.5445837e+02
   7.6478033e+02
   2.9197517e+02
   8.1849104e+02
   7.7722401e+01
   9.0888029e+02
   9.9767410e+02
   4.1879856e+02
   2.6591025e+02
   2.5996495e+02
   3.4011440e+02
   7.8858062e+02
   6.3651577e+02
   7.4723435e+02
   9.0318811e+02
   9.9997075e+02
   9.7721043e+02
   4.7598278e+02
   4.7773476e+02
   6.8609111e+01
   3.0473260e+02
   9.2309595e+02
   6.8617251e+02
   2.8638212e+02
   4.3390500e+02
   3.6740833e+02
   5.0026113e+02
   1.5761157e+02
   4.4757574e+02
   9.1474198e+02
   8.8770300e+01
   3.7212294e+02
   5.2507770e+01
   8.2236465e+02
   8.0505088e+02
   8.4304956e+02
   6.6203127e+02
   9.6103852e+02
   5.9783918e+02
   8.7838759e+02
   5.2432380e+01
   2.3190749e+01
   2.0522504e+02
   5.7772737e+02
   7.7125951e+02
   8.7209118e+02
   8.0858490e+01
   8.5004133e+02
   9.3042590e+02
   5.3762489e+02
   5.2654769e+01
   8.8680154e+02
   1.5984886e+02
   7.9575183e+02
   3.0729722e+02
   6.5248384e+02
   8.7428835e+02
   1.4538240e+02
   8.6935176e+02
   8.6228406e+02
   7.4752489e+02
   6.6750565e+02
   9.3168885e+02
   3.9303592e+02
   4.4407136e+02
   2.1739025e+02
   7.9688667e+02
   8.7003296e+02
   7.2623101e+02
   1.2905986e+02
   9.4574333e+01
   9.3668522e+01
   1.9515160e+02
   4.4246933e+02
   3.1853744e+02
   6.4422062e+02
   7.4127801e+02
   3.3279666e+02
   8.1716400e+02
   2.5295572e+02
   6.1367633e+02
   8.5654412e+02
   1.7906389e+02
   5.0452840e+02
   7.1151392e+02
   2.3082001e+02
   8.0788607e+02
   5.7889798e+02
   9.7846007e+02
   8.8832959e+02
   7.6384814e+02
   8.8326093e+02
   3.2617207e+02
   7.2312806e+02
   4.6319037e+02
   7.3996655e+02
   5.6124953e+02
   4.1157497e+02
   6.0425313e+01
   5.0038321e+02
   5.1567699e+02
   5.1755373e+02
   5.0628592e+02
   4.2232861e+02
   6.5497470e+02
   7.2087887e+02
   6.6602548e+02
   4.9362898e+02
   9.6119240e+01
   8.0999790e+02
   3.9543674e+02
   3.7210186e+02
   3.1483380e+02
   4.0990337e+02
   5.1537401e+02
   2.8273820e+02
   4.7488023e+02
   2.8602573e+01
   1.3878242e+02
   1.1884259e+02
   5.1100450e+02
   9.3891142e+02
   3.5667787e+02
   9.4220288e+02
   3.0462449e+02
   2.2491154e+02
   1.0881239e+02
   6.0434186e+02
   5.5553211e+02
   6.0473862e+02
   7.9267619e+02
   2.0924479e+01
   9.8873065e+02
   8.6876651e+01
   9.0047502e+02
   2.3809729e+02
   8.0926397e+02
   6.1509282e+02
   2.7921052e+02
   6.5090798e+02
   8.8688278e+02
   3.8086705e+02
   8.6858490e+02
   9.1290199e+02
   9.1110749e+02
   8.8049262e+02
   2.1596707e+02
   1.4206613e+01
   9.2012866e+01
   7.1936466e+02
   3.0838152e+02
   2.1307376e+02
   1.1714134e+02
   3.6330361e+02
   3.3281349e+02
   6.0878602e+02
   1.0911705e+01
   8.8533774e+01
   5.5497707e+02
   9.6814587e+02
   7.6444449e+02
   3.4855432e+02
   9.1799548e+02
   9.4703372e+02
   3.3231567e+02
   2.5261040e+02
   4.4869108e+02
   7.4019119e+02
   9.7147681e+01
   7.8190818e+02
   2.7067901e+02
   1.2861459e+02
   9.4914735e+02
   8.1868848e+02
   1.2650595e+02
   7.3112063e+02
   2.3911119e+02
   1.1163147e+02
   2.3079135e+02
   8.1743938e+02
   1.9698761e+02
   8.7828250e+02
   7.6034886e+02
   8.7532384e+02
   2.6958528e+01
   2.3734545e+02
   4.1011994e+02
   4.1154706e+02
   2.3757602e+02
   8.7595800e+02
   8.9085513e+01
   6.6583793e+02
   2.4757399e+02
   1.1228638e+02
   6.0288128e+02
   9.6913610e+02
   7.4580948e+02
   1.1213363e+02
   1.7565313e+02
   3.2349927e+02
   8.6870890e+01
   7.6512527e+02
   5.1527532e+02
   1.6726740e+02
   5.8067344e+02
   2.1365652e+02
   1.5561893e+02
   5.9924612e+02
   2.9151368e+02
   4.8478318e+02
   2.0075935e+02
   9.9032781e+01
   3.0640010e+02
   2.0270210e+02
   8.4697201e+02
   6.9810331e+02
   3.4718827e+02
   6.6061058e+02
   3.8438055e+02
   5.4464836e+02
   1.4026525e+02
   6.6314681e+02
   4.7008820e+02
   4.3848346e+02
   7.7934055e+02
   1.0926312e+02
   6.9475122e+02
   6.0600618e+01
   5.8173017e+02
   3.7417340e+02
   3.5910360e+02
   7.1743421e+02
   6.9790105e+02
   7.9495983e+02
   5.8493886e+02
   4.5503770e+02
   1.8887661e+02
   1.6563108e+02
   8.7742947e+02
   4.2795265e+02
   4.1206825e+02
   5.0038442e+02
   5.5481290e+02
   4.2618804e+02
   7.9367510e+02
   4.1820718e+02
   2.1929279e+02
   6.5101190e+02
   9.3081574e+02
   2.0015129e+02
   7.9394503e+02
   3.9088340e+02
   5.0184129e+02
   9.1334434e+02
   4.0549207e+02
   6.3967582e+02
   4.0063053e+02
   1.7964310e+02
   8.6636944e+02
   8.8920177e+02
   5.0909132e+02
   2.2834018e+02
   9.2745832e+02
   2.0073237e+02
   6.7162191e+02
   4.7032124e+02
   8.4251243e+02
   2.5456101e+01
   4.5138596e+02
   4.1890086e+02
   4.6927536e+01
   9.2596679e+02
   9.6322981e+02
   2.3660659e+02
   3.7233005e+02
   6.5950521e+02
   3.0583759e+02
   9.3143427e+02
   1.8791725e+02
   7.1240398e+02
   1.0380703e+02
   3.1231888e+02
   7.8986260e+02
   1.4447084e+02
   3.1461384e+02
   7.6636226e+02
   2.9960721e+02
   6.3747209e+02
   7.2678823e+02
   7.1052527e+02
   6.6498655e+02
   3.4448284e+02
   7.4739222e+02
   7.7858118e+02
   6.7713547e+02
   1.8507289e+02
   3.0505028e+02
   3.1398090e+02
   9.9825765e+02
   7.8579083e+02
   7.0046308e+02
   8.3418245e+02
   3.6564796e+02
   8.2968824e+02
   7.6667578e+02
   6.4724942e+02
   3.0900924e+01
   9.9953878e+02
   7.7682185e+02
   3.2745824e+02
   4.2784617e+01
   4.6197650e+02
   5.7285720e+02
   5.2721380e+02
   2.5528990e+02
   8.0967094e+02
   7.5494423e+02
   7.0833582e+02
   8.2102921e+02
   3.3305637e+02
   4.8856477e+02
   9.8100795e+02
   9.4498705e+02
   1.5251944e+02
   9.9464700e+02
   6.2700649e+02
   8.2082801e+01
   4.4580079e+02
   3.0606017e+02
   4.4869406e+02
   2.7236298e+02
   2.3882081e+02
   9.5679612e+02
   8.4024212e+02
   8.8211673e+02
   9.2671278e+02
   9.5328587e+02
   6.2521303e+01
   9.0778015e+02
   8.6857033e+02
   1.1051010e+01
   2.4095284e+02
   9.2997925e+02
   4.6017552e+02
   4.4774758e+02
   7.1533322e+01
   5.0291059e+02
   3.8077537e+02
   3.4915293e+02
   6.5716691e+00
   7.6973759e+02
   9.7074737e+02
   3.6556093e+02
   4.3483461e+02
   8.7089464e+02
   9.0616674e+01
   9.5873995e+02
   5.2386578e+02
   3.2772367e+02
   4.9100675e+02
   7.0915173e+02
   1.9093944e+02
   5.6248147e+02
   6.1768121e+02
   1.5208241e+02
   9.5257882e+02
   2.0994410e+02
   8.7637174e+02
   2.3242710e+02
   4.5867887e+02
   9.0472331e+02
   5.8646463e+02
   3.9816884e+01
   2.7739084e+02
   2.5137282e+02
   2.1485877e+02
   6.7613219e+02
   5.5331595e+02
   2.0278741e+02
   9.8611044e+02
   2.8450731e+01
   6.5058361e+02
   9.7226946e+01
   3.8275861e+02
   3.2433139e+02
   8.9585119e+01
   2.7070844e+02
   8.9783289e+02
   6.7703229e+02
   4.9819928e+02
   4.6075280e+02
   5.5077560e+02
   3.3067651e+02
   1.8652226e+02
   1.1515163e+02
   5.8589501e+02
   3.6433851e+02
   7.5328136e+01
   3.3060205e+02
   5.9412448e+02
   5.0184145e+02
   7.8129964e+02
   8.2339584e+02
   8.9721642e+02
   5.6958071e+02
   3.9996886e+01
   9.5748653e+02
   8.9938937e+02
   1.5234217e+02
   6.6617410e+02
   5.7671448e+01
   8.6806914e+02
   5.6829702e+02
   3.1096417e+02
   1.0337328e+02
   5.3193390e+01
   9.7007018e+02
   9.4181946e+01
   6.5590373e+02
   3.7081737e+02
   5.5847945e+02
   8.4939235e+02
   7.9604326e+02
   7.2325208e+02
   5.7124892e+02
   3.8512667e+02
   8.7718964e+02
   7.4654931e+02
   6.7616489e+01
   4.1244733e+01
   8.5165390e+02
   5.8697949e+02
   6.6100893e+02
   5.8797840e+02
   2.5762115e+02
   6.8048787e+02
   8.9524735e+02
   3.8112900e+02
   3.1433924e+02
   1.5774620e+02
   6.7091808e+02
   5.3171838e+02
   8.1093609e+02
   5.1493494e+02
   1.8858405e+02
   7.7851568e+02
   9.0495151e+02
   5.6370336e+02
   5.9976581e+02
   6.1991105e+02
   6.5053727e+02
   1.3196564e+02
   2.5154581e+02
   6.9086962e+02
   3.8126087e+02
   5.5923358e+02
   1.9736951e+02
   7.8478543e+02
   6.2049203e+02
   2.2964614e+02
   8.9150552e+01
   9.8186622e+02
   6.4712659e+02
   7.2560589e+02
   6.1478021e+02
   9.7631383e+02
   2.5071105e+02
   2.8107803e+02
   5.5020008e+02
   9.5575092e+02
   2.5183298e+02
   5.3819840e+02
   5.8284032e+02
   4.8367630e+02
   4.8145285e+02
   2.9156408e+02
   1.8159867e+02
   2.3275053e+02
   4.8834764e+02
   6.6451115e+02
   4.2035203e+01
   9.5051884e+02
   4.4570666e+02
   4.3039599e+02
   7.4757556e+02
   2.4506615e+02
   7.4283897e+02
   2.8462316e+02
   6.1384862e+01
   6.1276496e+02
   3.7855183e+02
   8.1875605e+02
   5.0718870e+01
   8.8273011e+02
   8.1083618e+01
   8.3627927e+02
   6.9670123e+02
   6.0333935e+02
   5.1371666e+02
   2.4780219e+02
   7.0422265e+02
   5.4672403e+02
   8.8158670e+02
   1.3455579e+02
   8.6882238e+02
   9.8088647e+02
   3.6998114e+02
   1.9444298e+02
   4.8386612e+02
   4.3806531e+02
   1.5959130e+02
   9.2349898e+02
   4.1989560e+02
   6.5926246e+02
   4.1953882e+02
   9.3548867e+02
   7.1239671e+02
   9.5256337e+02
   9.1536932e+02
   1.8267742e+02
   6.6852469e+02
   9.6525747e+01
   9.8418131e+02
   7.4368998e+02
   2.1335805e+02
   6.1739012e+02
   3.3559839e+02
   6.3260743e+02
   5.1575690e+02
   7.8691821e+02
   5.0261010e+02
   1.6453623e+02
   5.0746221e+02
   8.2281351e+02
   4.2881907e+02
   1.5768511e+02
   6.7489141e+02
   2.7663077e+02
   3.7478603e+02
   3.9679523e+02
   1.3211617e+02
   9.6622571e+02
   9.6115898e+02
   1.4010260e+01
   5.0936510e+02
   1.9508816e+02
   8.5302021e+02
   8.5288315e+02
   5.7429668e+02
   3.1695632e+02
   3.8675390e+02
   7.6480787e+02
   6.8043413e+02
   1.2530350e+02
   6.1983669e+02
   6.8766596e+02
   7.6028109e+02
   2.2713426e+02
   2.2429417e+02
   1.5016001e+01
   5.8533001e+02
   7.3277367e+02
   8.6455512e+02
   7.8844584e+01
   4.3260388e+02
   8.0478928e+02
   5.0956585e+02
   4.0499300e+02
   4.6569491e+02
   3.6857173e+02
   5.6203416e+02
   5.5235264e+02
   1.8262440e+02
   6.7290888e+02
   6.4239403e+02
   8.1630036e+02
   2.6496885e+02
   7.9916749e+02
   3.1143907e+02
   7.1528366e+02
   9.1325831e+02
   7.0356121e+02
   8.6890398e+01
   5.0783792e+02
   7.7618186e+02
   5.0325042e+02
   5.8533797e+01
   6.6799575e+02
   4.0967833e+02
   1.0482215e+00
   6.7427990e+02
   4.6138249e+02
   9.5766104e+02
   3.8658080e+02
   2.6017603e+02
   2.0807896e+02
   6.3465100e+02
   3.5434023e+02
   1.3537025e+02
   2.1672699e+02
   6.0609308e+02
   4.4380167e+02
   4.8042708e+02
   8.8699619e+02
   1.2599271e+01
   5.7849127e+02
   6.6439372e+01
   2.9244714e+02
   4.8700977e+02
   1.7622089e+02
   4.9605376e+02
   6.2184544e+02
   7.3197579e+02
   9.8785577e+02
   4.0204131e+02
   8.8456134e+02
   1.9036270e+02
   6.6679638e+02
   4.8938936e+02
   4.6988345e+02
   3.8485883e+02
   1.4744261e+02
   8.1722313e+02
   1.1030910e+02
   8.1553543e+02
   8.2040214e+02
   2.6820907e+02
   9.6804505e+01
   5.5698199e+02
   8.3154114e+02
   6.7697080e+02
   2.5518048e+02
   2.7345608e+02
   2.7680306e+02
   7.2629375e+02
   7.4999113e+02
   3.5185496e+02
   9.5373021e+02
   9.5161477e+02
   5.9992912e+02
   7.1660186e+02
   8.9679560e+02
   1.1423172e+02
   4.3484117e+02
   8.4434814e+02
   6.2970150e+02
   8.2024811e+02
   7.3180790e+01
   9.7976434e+02
   7.1974452e+02
   9.6651124e+02
   3.4796501e+02
   5.9792918e+02
   4.8322386e+02
   8.3073815e+02
   7.1396682e+01
   4.6427248e+02
   2.0843001e+02
   6.9878031e+02
   7.3193898e+02
   8.0463783e+01
   3.9879325e+02
   9.2251896e+02
   4.3646635e+02
   2.3731711e+02
   2.2883509e+02
   2.7137205e+02
   8.1006406e+02
   4.4393323e+02
   9.1014483e+02
   4.4526579e+02
   4.1410855e+02
   5.9038440e+02
   4.4390477e+02
   7.3020749e+01
   4.4834211e+02
   9.0770924e+02
   5.0117987e+02
   1.6612758e+02
   1.9240629e+02
   5.2849117e+02
   9.1420439e+02
   3.5803094e+01
   1.6379153e+02
   1.5585193e+02
   4.8840598e+02
   3.8101997e+02
   7.7100403e+02
   1.4093145e+02
   6.7032545e+02
   5.7510906e+02
   8.1901514e+02
   6.0729418e+02
   7.3076491e+02
   7.4376882e+02
   6.1925811e+02
   2.4806638e+02
   1.4482623e+02
   4.8561241e+02
   3.8477585e+02
   4.7641745e+01
   3.3203538e+01
   6.3118255e+02
   3.0943922e+02
   1.8769855e+02
   7.6585371e+02
   6.1077680e+02
   7.1997176e+02
   5.9406642e+02
   7.2279885e+02
   9.0879002e+02
   1.2707832e+02
   7.6001610e+02
   8.8641005e+01
   6.8271245e+02
   9.0911104e+02
   1.5418070e+02
   9.3922806e+02
   9.4151204e+02
   4.3647738e+02
   2.4590302e+02
   7.1455571e+01
   8.5374445e+02
   5.9473882e+02
   5.7580451e+02
   3.5198947e+02
   8.6462650e+02
   6.7735110e+01
   2.0105808e+02
   9.0828355e+02
   1.9261121e+02
   1.3113956e+02
   7.7504695e+02
   7.1365662e+02
   4.6905163e+02
   3.5722367e+02
   1.3509012e+02
   1.1211959e+02
   4.8263119e+02
   9.2590123e+02
   2.2615218e+02
   8.9469297e+01
   5.0707169e+02
   3.0096582e+02
   7.7495930e+02
   7.3747100e+00
   2.5113604e+02
   6.6521240e+02
   1.9605825e+02
   9.9361830e+02
   7.5618218e+02
   3.2846752e+02
   5.4121564e+02
   4.7834725e+02
   2.1676982e+02
   7.9350188e+02
   6.3821430e+02
   7.6457048e+02
   7.3980881e+02
   1.2716437e+02
   6.8402530e+02
   7.4728306e+02
   3.5808468e+02
   1.9061572e+02
   5.7438753e+02
   2.6234960e+02
   3.9173073e+02
   3.2104190e+02
   2.7014316e+02
   4.6972319e+00
   3.1285410e+02
   6.6109173e+02
   5.0692297e+02
   8.7813235e+02
   7.6109245e+01
   9.6439341e+02
   1.3291218e+02
   5.9694660e+02
   3.7865094e+02
   3.9812934e+02
   7.8825482e+02
   5.3832966e+02
   4.5339700e+02
   1.4229915e+01
   3.1824676e+02
   2.7301381e+02
   4.0191488e+02
   2.2999093e+02
   6.8343411e+02
   3.6449877e+02
   1.9266325e+02
   1.2057198e+02
   6.5173299e+02
   3.1207373e+02
   7.0277544e+01
   6.4995865e+02
   8.4889822e+02
   1.0132973e+02
   3.4236006e+02
   2.1163029e+02
   9.1205755e+01
   2.5261719e+02
   2.0702455e+02
   6.1605396e+02
   8.9184874e+02
   7.1641187e+02
   8.6522052e+02
   8.3824877e+02
   1.9567403e+01
   3.3124256e+02
   5.6253402e+01
   6.7264552e+02
   2.3808071e+02
   4.7493468e+02
   5.5083430e+01
   8.4048089e+02
   5.9987496e+02
   2.7945315e+02
   9.6504350e+02
   8.7733884e+01
   4.6899069e+01
   6.1762501e+02
   9.6850512e+02
   1.2633257e+02
   3.7140455e+02
   2.7366708e+02
   1.2912192e+02
   3.8598667e+02
   3.1319329e+02
   8.5461862e+02
   7.9315453e+02
   6.2373993e+02
   5.5211881e+02
   2.3643147e+02
   2.3722917e+02
   3.0578596e+02
   2.2364062e+02
   1.6093661e+02
   8.9045926e+02
   7.7615138e+02
   8.7944383e+02
   8.0050260e+02
   8.3407284e+01
   1.6299591e+02
   2.6172260e+01
   3.2241303e+02
   2.0469671e+02
   5.2739868e+02
   3.3912065e+01
   1.5756453e+02
   6.0388067e+02
   5.7920673e+02
   5.4035137e+02
   9.5620590e+02
   6.3089197e+02
   6.0010853e+02
   4.7951291e+01
   2.2566157e+02
   3.5826239e+02
   7.3594331e+02
   5.2798263e+02
   7.0963182e+02
   4.9563756e+02
   7.9406739e+02
   2.0673805e+02
   9.4184883e+02
   6.5639186e+02
   2.4334781e+02
   2.7947590e+02
   9.4480745e+01
   6.8034881e+02
   9.3105450e+02
   5.7283907e+02
   9.1073584e+02
   6.3792256e+02
   9.7212115e+02
   6.3735303e+02
   8.0082015e+02
   8.7935938e+02
   9.5678807e+02
   3.1058304e+02
   6.0442520e+02
   2.7423436e+02
   7.3043370e+01
   1.4523819e+02
   3.2551600e+02
   5.5212480e+02
   1.7765514e+02
   5.5590999e+02
   6.6467433e+02
   5.4376483e+02
   8.7803844e+02
   8.1050051e+01
   2.7186860e+01
   6.5718648e+02
   1.7061710e+02
   4.8641845e+02
   5.8726271e+02
   3.1401072e+02
   3.5819633e+02
   9.7286692e+02
   1.1553050e+02
   8.9539586e+02
   8.4450451e+02
   1.2157756e+02
   1.5213795e+02
   7.5231743e+02
   1.7673371e+02
   5.9634513e+02
   4.5935818e+02
   7.8039329e+02
   7.6790500e+02
   5.5993521e+02
   8.6975620e+02
   2.2117832e+02
   8.0954641e+02
   1.4423011e+02
   5.7476389e+02
   3.8376117e+02
   6.5060439e+02
   5.4716427e+02
   3.8291130e+02
   1.5275162e+02
   2.2682774e+02
   3.1476801e+02
   1.0887612e+02
   3.4949695e+02
   3.7340716e+02
   2.8791811e+02
   9.3715998e+02
   9.8306968e+02
   9.1483032e+02
   2.6586712e+02
   6.9864150e+01
   3.3638763e+02
   8.8438126e+02
   8.1196557e+00
   1.4736020e+02
   2.8847553e+02
   1.3265328e+02
   4.1010872e+01
   9.0214584e+02
   9.6498906e+02
   4.2429398e+02
   1.5436445e+02
   9.8942232e+02
   6.9858835e+02
   6.8423391e+02
   3.9639996e+02
   9.9088491e+02
   9.0993592e+02
   1.4612521e+02
   4.3419272e+02
   4.0750361e+02
   9.3961617e+02
   3.9375238e+02
   7.9884819e+02
   2.6890887e+00
   5.2118126e+02
   7.1138822e+02
   2.2220402e+02
   2.8873825e+02
   8.0356379e+02
   8.9439215e+02
   8.1161434e+02
   6.5857502e+02
   9.8724383e+02
   6.7324511e+02
   2.0228069e+02
   1.4456800e+02
   2.0123097e+02
   9.9111053e+01
   6.2331530e+02
   6.7960959e+02
   3.1984090e+02
   1.8231380e+02
   9.1321606e+02
   1.1640902e+02
   9.7473747e+02
   2.0676540e+02
   9.1637520e+02
   6.6907766e+02
   2.2452515e+02
   1.5112759e+02
   7.1744729e+02
   9.8317471e+01
   5.6049282e+02
   5.2620649e+02
   2.1912433e+02
   6.6698289e+02
   4.5214584e+02
   4.9036994e+02
   4.6775628e+02
   7.7387188e+02
   3.6262004e+02
   7.1538870e+02
   1.5732987e+02
   4.9858512e+02
   1.9660195e+02
   1.8311545e+02
   6.7718652e+02
   8.9707135e+02
   6.0225846e+02
   2.5987487e+02
   5.8242461e+02
   4.7695862e+02
   8.6831868e+02
   6.7578251e+02
   6.0743240e+02
   8.8023202e+02
   8.0572867e+02
   5.9902969e+02
   1.8506634e+02
   9.3173929e+02
   6.5977847e+02
   6.9407384e+02
   8.0416946e+02
   3.7967361e+02
   2.4985596e+02
   3.2849936e+02
   9.7822304e+02
   2.4525660e+02
   3.9272925e+02
   2.6477077e+01
   7.7545307e+02
   4.4442587e+02
   1.1690572e+02
   9.9707786e+02
   6.7899244e+02
   4.4211491e+02
   1.5273411e+02
   3.1132096e+02
   5.3388994e+02
   4.3153767e+02
   8.9138594e+02
   1.5239938e+02
   5.0802605e+02
   7.2532024e+02
   7.2740799e+02
   8.0677056e+02
   6.9204959e+02
   5.4204664e+02
   1.3153863e+02
   4.4555100e+02
   4.9158876e+02
   6.9886421e+02
   5.2740483e+02
   2.2582719e+02
   4.7624944e+02
   4.3581218e+01
   8.1350034e+02
   1.9982244e+02
   5.2314717e+02
   7.2838858e+02
   5.8248486e+01
   4.2102987e+02
   7.9582947e+01
   5.1353382e+02
   5.6598587e+02
   2.9364744e+02
   8.6858424e+02
   7.3616451e+02
   6.6339916e+02
   9.6202391e+02
   8.8788219e+02
   9.2841882e+02
   7.1269914e+02
   8.3295711e+01
   2.5439410e+02
   3.4808409e+02
   8.9658098e+02
   7.1891490e+02
   2.6091203e+02
   1.2822597e+02
   7.5916965e+02
   8.0480226e+02
   2.6400137e+02
   7.9998661e+02
   4.2953330e+02
   8.8815352e+02
   7.7843899e+02
   2.6485257e+02
   2.0913781e+02
   3.7597617e+02
   7.9923442e+02
   2.4285525e+02
   7.7887362e+02
   2.7881478e+02
   5.1782746e+02
   2.6395734e+02
   6.1879272e+02
   4.1589705e+02
   3.1845435e+02
   3.0050979e+02
   4.6331517e+02
   8.2236643e+02
   4.4930632e+02
   9.5774241e+02
   4.4844466e+02
   6.9190258e+01
   1.9114253e+02
   5.5716246e+02
   9.4708551e+02
   6.1502713e+02
   8.1371113e+02
   5.6458020e+02
   5.3784363e+02
   9.0115676e+00
   2.8876962e+02
   6.5496746e+02
   8.7180762e+02
   7.1292299e+02
   7.3404169e+02
   7.5385212e+02
   6.2609043e+01
   7.7843421e+02
   1.6632259e+01
   3.4949404e+02
   6.6789471e+02
   5.8258151e+02
   7.9361460e+02
   8.0121661e+01
   7.5888264e+01
   4.9937192e+02
   1.7493712e+02
   8.8347915e+01
   2.1226131e+02
   5.5238110e+02
   8.8701851e+01
   7.6122520e+01
   9.3989530e+02
   5.0809327e+02
   9.8335908e+02
   7.1912788e+02
   7.1315003e+02
   2.9391854e+02
   9.4505324e+02
   4.0573892e+02
   9.9456815e+01
   4.0228178e+01
   3.9510930e+02
   5.9786133e+02
   1.1008716e+01
   3.0044582e+02
   3.4748831e+02
   6.8818772e+02
   3.3679055e+02
   1.2682697e+02
   5.3303290e+02
   9.0424705e+02
   2.8273089e+02
   5.2760665e+02
   7.9479847e+02
   3.0454912e+02
   1.4584734e+01
   7.4497180e+02
   2.8481286e+02
   9.2798904e+02
   5.7853103e+00
   4.7182700e+02
   1.3773386e+02
   2.8569163e+02
   5.3815109e+02
   3.3750801e+02
   8.1370152e+02
   5.2329720e+02
   1.8610914e+02
   8.8045479e+02
   5.5614053e+01
   5.3749801e+02
   6.3146595e+02
   8.8047588e+02
   7.5416190e+02
   3.7398926e+02
   8.4688086e+02
   4.9355441e+02
   1.3189140e+02
   4.6101407e+02
   1.1533474e+02
   2.8767221e+02
   4.0515068e+02
   7.0084506e+01
   3.9072017e+02
   7.6494349e+02
   9.3483776e+02
   9.3871956e+02
   3.1010659e+02
   6.4769294e+02
   9.1917165e+02
   6.4607473e+02
   1.8345490e+02
   8.5000270e+02
   9.7836950e+02
   3.2491540e+02
   2.5441041e+02
   5.6862055e+02
   7.3294393e+02
   6.2931540e+02
   2.7508204e+01
   2.9578526e+02
   1.2094534e+02
   1.4370016e+02
   7.3289588e+02
   4.6111908e+02
   5.3364546e+02
   2.8917013e+02
   8.4035910e+02
   1.5850068e+02
   2.2927669e+01
   5.9937034e+02
   6.4845681e+02
   4.8895254e+02
   9.9326036e+02
   5.1311122e+02
   3.8291678e+02
   5.4608818e+02
   7.4007273e+01
   8.3290867e+02
   2.5390670e+02
   1.7021838e+02
   4.7141715e+02
   2.3167952e+02
   3.0479074e+02
   4.9777943e+02
   8.4345781e+02
   8.2380617e+02
   5.7085420e+01
   1.4364770e+02
   2.5687037e+02
   8.8954277e+02
   2.4842859e+02
   3.7280286e+02
   3.0859432e+02
   4.2566864e+02
   1.2721197e+02
   7.7706980e+02
   2.0814615e+02
   7.9095774e+02
   8.5277512e+02
   5.0804814e+00
   8.2326849e+02
   2.8350758e+02
   1.0997362e+02
   4.1866162e+02
   1.6045229e+02
   5.5532610e+01
   7.6542594e+02
   8.6084566e+02
   7.9202496e+02
   2.9717615e+02
   8.6361060e+02
   7.3224782e+02
   6.0883307e+01
   6.6734808e+02
   7.2596962e+01
   9.7001005e+01
   5.1624639e+02
   7.3186046e+02
   2.8421251e+02
   9.8486763e+02
   5.7944566e+02
   9.3734456e+02
   2.3862617e+02
   8.4489335e+02
   4.5181514e+02
   6.2413207e+01
   7.5773029e+01
   7.8742567e+02
   1.0732597e+02
   9.8954949e+02
   4.9931067e+02
   7.4090630e+02
   3.5271392e+02
   7.3104569e+01
   8.2360325e+02
   2.4194121e+02
   5.6488371e+01
   5.8504773e+01
   7.0912541e+02
   4.2737437e+02
   6.9815502e+02
   8.4034258e+02
   3.7703717e+02
   5.3282820e+02
   7.4691736e+02
   3.9966335e+02
   7.6573203e+02
   4.6728144e+02
   8.8220524e+02
   2.7507457e+02
   7.1357294e+02
   1.3323149e+02
   3.4330364e+02
   5.2167175e+02
   3.3074377e+02
   6.9477203e+02
   8.5906680e+02
   9.1354541e+02
   8.7042228e+02
   7.7038817e+02
   7.4728199e+02
   7.0419279e+02
   5.9856786e+02
   6.7923605e+02
   2.9969435e+02
   5.4044141e+02
   9.2659475e+02
   7.0545147e+02
   7.7125255e+02
   5.7658848e+02
   9.6287773e+02
   3.0705787e+01
   5.2852974e+02
   2.6778263e+02
   1.9297966e+02
   1.7387187e+02
   1.8393553e+02
   2.9585560e+02
   3.7756152e+02
   6.3426731e+02
   3.8001091e+02
   4.6391399e+02
   7.5571805e+02
   2.5559530e+02
   6.8158097e+02
   4.0635035e+01
   4.5408562e+02
   7.9701349e+02
   5.6576597e+02
   6.0743039e+02
   7.5185253e+02
   6.7429971e+02
   7.3164549e+02
   3.6195322e+02
   8.9528976e+02
   9.7174668e+02
   1.1284151e+01
   5.4533526e+02
   7.0892704e+02
   9.2896531e+02
   3.4077848e+01
   9.1505403e+02
   5.7807314e+02
   1.4043787e+02
   3.0896155e+02
   2.4791935e+02
   4.7294917e+01
   1.9861399e+02
   2.9814477e+02
   9.8956837e+02
   9.7339931e+02
   5.0018615e+02
   5.8953593e+02
   7.3230162e+02
   9.9550366e+02
   9.5201114e+02
   4.6135257e+00
   8.9028349e+02
   2.4388586e+02
   8.6881020e+01
   8.9752925e+02
   8.9906943e+02
   2.6016295e+02
   7.4564833e+02
   3.9837764e+02
   6.8806678e+02
   2.3421201e+00
   8.4044084e+02
   7.9167371e+02
   2.7421184e+02
   8.4750273e+02
   3.0182419e+02
   1.4237649e+02
   6.9702665e+02
   2.0728610e+02
   1.8729999e+02
   3.7292389e+02
   7.1492377e+02
   4.2452499e+02
   2.9882937e+02
   6.7759603e+02
   3.3509113e+02
   9.4813727e+02
   1.1469957e+02
   9.1331533e+02
   9.2193360e+02
   1.3788267e+01
   3.3616119e+01
   5.3138241e+02
   7.3765682e+02
   6.9346123e+02
   5.4633561e+02
   3.2507079e+02
   5.7886728e+02
   8.9736156e+02
   8.9015041e+02
   3.0384573e+02
   2.6437386e+02
   6.6763740e+02
   3.0794648e+02
   6.3451248e+02
   5.6031247e+02
   9.9707397e+01
   3.8142674e+02
   5.6761610e+02
   5.0169558e+01
   4.7998071e+02
   2.3293403e+01
   4.3977906e+02
   2.4234939e+02
   8.1143486e+02
   4.3931609e+02
   8.8780399e+02
   1.0433555e+02
   9.3690265e+02
   3.7350238e+02
   1.6151490e+02
   1.4794768e+01
   3.6634843e+02
   4.2993723e+02
   4.2655634e+02
   1.7122588e+01
   3.0753932e+02
   2.7027671e+02
   8.6722406e+02
   7.1805744e+02
   2.2994883e+02
   3.1390503e+02
   9.7900499e+02
   9.4154766e+02
   7.7302706e+02
   8.3114089e+02
   5.5752846e+01
   1.4227848e+02
   5.0428762e+02
   6.7429071e+02
   1.7584869e+02
   3.9016098e+02
   9.1847088e+02
   9.6231866e+02
   7.6007482e+02
   7.2998107e+01
   4.2301138e+02
   1.7792605e+02
   2.6002621e+02
   4.1672060e+02
   2.3260403e+02
   1.7106775e+02
   4.3466664e+02
   2.2503305e+02
   9.4740407e+02
   3.7751750e+02
   3.5931950e+02
   9.9116181e+02
   3.2590959e+02
   8.9232747e+02
   3.6995718e+02
   2.4074617e+00
   7.6093356e+02
   4.2666449e+02
   1.3018831e+02
   8.5199494e+02
   4.7053700e+02
   1.2989639e+01
   9.3899702e+02
   3.7736552e+02
   8.6728007e+02
   8.7286720e+02
   2.1664930e+01
   8.7391459e+02
   8.7030668e+02
   1.0719248e+02
   9.5923769e+02
   4.1467945e+02
   9.1715689e+02
   5.3578509e+02
   2.4853518e+02
   7.8189566e+02
   6.0088315e+02
   2.0363574e+02
   3.7628973e+02
   6.5366979e+01
   9.8748180e+02
   5.1633106e+02
   9.4575832e+02
   2.1697576e+02
   6.8674151e+02
   4.6647699e+02
   2.5583589e+02
   8.3683369e+02
   2.9131033e+02
   1.1606302e+02
   3.8252908e+02
   2.1275515e+02
   5.0856487e+02
   5.2004863e+02
   9.1901640e+02
   9.4518751e+02
   9.5029043e+02
   4.9644576e+02
   5.7644467e+02
   9.9011635e+02
   5.6895339e+02
   6.1402054e+02
   1.5001390e+02
   3.0706857e+02
   7.2616098e+02
   5.6411128e+02
   1.4573339e+02
   5.5156576e+02
   6.2523011e+02
   6.8350858e+02
   6.7360596e+02
   2.9388746e+02
   1.4212978e+02
   9.6334470e+02
   5.7054324e+02
   2.0490837e+02
   2.6379798e+02
   9.0771031e+01
   6.7852378e+02
   9.4148120e+02
   1.5319881e+02
   6.6730852e+02
   7.8164816e+02
   9.0120477e+02
   5.0916280e+02
   3.8362918e+02
   7.5184740e+02
   4.5334235e+02
   5.7041470e+02
   3.2342997e+02
   2.6842060e+02
   7.3086788e+02
   7.2684330e+00
   6.4828723e+02
   2.0452724e+02
   6.5449355e+02
   2.7666535e+02
   8.5859149e+02
   3.9124784e+02
   7.2522581e+02
   2.8253246e+02
   3.9175923e+02
   2.7974577e+02
   5.6573633e+02
   3.7698988e+02
   1.2941056e+02
   1.5257389e+02
   7.0737911e+02
   2.6774328e+02
   8.3514809e+02
   1.7069542e+02
   6.7709397e+02
   2.4304013e+02
   6.4738361e+02
   3.3425613e+02
   4.6171222e+02
   7.0651655e+02
   3.5665337e+02
   3.0757778e+02
   7.4083353e+02
   7.8394344e+02
   5.3562717e+02
   2.1386690e+02
   3.8349779e+02
   6.0130045e+02
   8.0866145e+02
   9.5068074e+01
   7.6773394e+02
   8.7343185e+02
   8.3097453e+02
   9.1711009e+02
   4.0918598e+02
   8.8348705e+02
   4.7764533e+02
   3.1321147e+01
   9.5777257e+02
   5.5290282e+02
   2.8407902e+02
   3.9910040e+02
   3.1988791e+02
   7.8401563e+02
   5.6764603e+00
   7.3481357e+02
   6.0597844e+02
   6.6589130e+02
   8.3644286e+02
   8.4362341e+01
   6.9504060e+02
   3.4299975e+02
   7.5304510e+02
   1.3132621e+02
   7.2095849e+02
   2.5024614e+01
   4.0461727e+02
   8.5816067e+02
   8.2148595e+02
   3.3353927e+02
   6.5206956e+02
   3.9054974e+02
   4.4207345e+02
   6.0114109e+02
   9.8887109e+02
   7.4560375e+01
   3.5630684e+02
   2.0607072e+02
   4.0320446e+02
   3.6119940e+02
   7.8678232e+02
   5.4536446e+02
   7.0971535e+02
   5.2497594e+02
   5.8398336e+02
   2.2033198e+02
   6.8259051e+02
   3.3418925e+02
   6.8949150e+02
   9.7510257e+02
   7.0572699e+02
   5.9897453e+02
   1.7130548e+02
   8.4301883e+02
   4.8999540e+02
   2.5960221e+02
   2.0402289e+02
   9.1727750e+02
   7.7407496e+02
   8.0091510e+02
   1.2868040e+02
   3.3340280e+02
   3.3910407e+02
   2.2561288e+02
   9.9658508e+02
   2.2762336e+02
   2.7220764e+02
   3.4841634e+02
   3.6731763e+02
   5.4079105e+02
   5.4878657e+02
   1.0647812e+02
   4.8537942e+02
   3.7520852e+02
   5.3432601e+02
   7.6197782e+02
   5.7082000e+02
   1.6199185e+02
   1.9651037e+02
   3.0266580e+01
   4.9118539e+02
   1.1703986e+02
   5.5365630e+02
   3.6906808e+02
   4.1377829e+02
   3.0537362e+02
   3.6968466e+02
   2.9167091e+02
   8.7362508e+02
   6.4306330e+02
   7.5128706e+02
   8.1872325e+02
   8.1003817e+02
   3.8979815e+02
   4.4230351e+01
   2.4134465e+01
   8.7186096e+02
   9.0598993e+02
   3.1689623e+02
   7.6093805e+02
   6.4890748e+02
   8.2298675e+02
   8.5151949e+02
   2.7727868e+02
   1.1449827e+02
   6.0932652e+02
   1.5618462e+02
   5.3278489e+01
   3.7552230e+02
   9.3577792e+02
   2.0330797e+02
   4.2963193e+02
   5.0342523e+02
   2.0028923e+02
   6.2755382e+02
   1.8722910e+01
   8.1783937e+02
   3.3777965e+02
   1.7713733e+02
   2.7276707e+02
   6.7783226e+02
   4.4760035e+02
   8.9721167e+02
   2.8371496e+02
   5.5803473e+02
   2.9785529e+02
   9.4504007e+02
   7.5629969e+02
   5.7605924e+02
   4.3599806e+02
   8.1009940e+02
   6.2182103e+02
   3.6169952e+02
   5.8582536e+01
   7.4876065e+02
   9.9904717e+02
   5.8428166e+02
   2.0452959e+02
   7.6657201e+02
   9.9395997e+02
   3.2461885e+02
   7.4060916e+02
   7.5131209e+02
   7.3522051e+02
   6.7449656e+02
   9.9028672e+02
   4.3990184e+02
   7.0400914e+02
   8.6928607e+02
   6.4188293e+01
   1.8627570e+02
   5.5570021e+00
   8.6511375e+02
   5.6047007e+02
   8.9445344e+01
   4.2405518e+02
   5.0987646e+01
   2.0137897e+02
   1.4437629e+02
   4.6059019e+02
   8.0121165e+02
   1.1168219e+02
   3.8354326e+02
   8.4310935e+02
   4.3361901e+02
   9.9126951e+02
   3.6337672e+02
   7.7103039e+02
   6.6870985e+02
   1.4024119e+02
   9.6630552e+01
   9.7406891e+02
   1.4833865e+02
   3.5614366e+02
   1.7018360e+02
   7.7341970e+02
   7.5359671e+02
   2.0083221e+02
   8.8655661e+02
   4.4006933e+02
   4.3872020e+02
   6.8386948e+02
   1.1164324e+02
   5.5382080e+02
   9.7008184e+02
   6.0325238e+02
   6.5394689e+02
   6.6860798e+02
   4.3411374e+02
   5.0999739e+02
   2.2997928e+02
   5.5138402e+02
   5.9028109e+02
   8.1294522e+02
   8.1592379e+02
   2.1497527e+02
   7.0206818e+02
   8.8024418e+02
   2.6522332e+02
   8.4229891e+02
   8.0503534e+02
   3.6582143e+02
   7.3203577e+02
   5.6886177e+02
   3.1696973e+02
   3.2667282e+02
   3.9720529e+02
   1.0128419e+02
   2.7121640e+02
   3.0589451e+01
   6.6189643e+02
   9.0645531e+02
   3.7565984e+02
   2.5782359e+02
   8.7561574e+02
   7.4616817e+02
   2.6652036e+02
   3.6338161e+02
   7.7452007e+02
   8.5021118e+02
   6.6816950e+02
   2.7661424e+02
   2.1475310e+02
   5.3594705e+02
   6.3821330e+02
   4.0038876e+01
   9.3734188e+02
   7.6971215e+02
   3.9361248e+02
   6.3774991e+02
   5.6451573e+02
   3.5180981e+02
   2.1492678e+02
   9.9614549e+02
   7.0461145e+02
   5.2526147e+02
   4.1398193e+02
   2.0956746e+02
   8.0529298e+02
   4.0372850e+02
   1.0289410e+02
   8.7331990e+02
   6.1588454e+02
   6.2385556e+02
   2.9697934e+02
   6.8395847e+02
   4.2478305e+02
   7.3088918e+02
   6.3294541e+02
   9.1482291e+02
   2.6580101e+02
   8.1814396e+00
   7.2786755e+02
   8.0973367e+02
   3.7660219e+02
   3.1965895e+02
   8.9332137e+02
   4.6765974e+02
   9.2205881e+02
   6.7230654e+02
   1.2468599e+02
   4.5564105e+02
   3.3718129e+02
   8.0502840e+02
   5.2617154e+02
   9.7615180e+01
   4.5454841e+02
   9.6184566e+02
   4.4725885e+02
   1.5863975e+02
   5.8321556e+02
   9.5458737e+02
   8.4720278e+02
   8.6256895e+01
   8.5742542e+02
   9.4270421e+02
   9.9130928e+02
   8.1054840e+02
   2.4797635e+02
   2.6632405e+02
   1.0549863e+02
   2.8965827e+02
   1.6133567e+02
   7.3469387e+02
   4.4271631e+02
   7.4153191e+02
   9.9916921e+02
   8.2471050e+02
   5.7686507e+02
   4.9263150e+02
   2.3368201e+02
   1.5373017e+02
   7.1816214e+02
   6.0056569e+02
   5.1416066e+02
   8.4155840e+02
   2.8367167e+02
   5.0097405e+02
   1.0686711e+02
   3.2791599e+02
   6.5671766e+02
   8.7677526e+02
   7.6210277e+02
   8.1185378e+02
   4.7832095e+02
   2.8483035e+02
   4.5345869e+02
   2.8733972e+02
   3.5738267e+02
   6.1311240e+02
   4.1452874e+02
   9.2137844e+02
   3.2107834e+02
   7.5101134e+02
   2.0539662e+02
   3.0366066e+02
   2.6865847e+02
   6.9314175e+02
   1.6685083e+02
   5.3156132e+02
   2.0130855e+02
   1.5717045e+02
   7.5694505e+02
   9.1474317e+02
   2.1975696e+02
   1.6869835e+02
   7.9918363e+02
   6.1140420e+02
   7.7349402e+02
   5.5389797e+02
   2.9361717e+02
   5.9060275e+02
   1.6370710e+02
   3.7143151e+02
   9.0197803e+02
   4.1045388e+02
   8.3010503e+02
   9.7343556e+02
   5.6104804e+02
   6.8383610e+02
   5.4578437e+02
   7.4908768e+02
   6.4335448e+02
   1.4589847e+02
   8.3801642e+02
   1.3012829e+02
   6.8655864e+02
   9.4030598e+02
   4.5535819e+02
   1.1138416e+02
   6.1613512e+01
   7.7618831e+02
   2.7140351e+00
   6.0676542e+02
   3.5690084e+02
   3.9459000e+02
   3.9659074e+02
   4.1934987e+02
   8.2703855e+02
   7.2605823e+02
   9.0523359e+02
   7.8262791e+02
   3.2690505e+02
   2.0165733e+02
   6.5500924e+02
   1.0890837e+02
   8.8596404e+02
   5.8730819e+02
   7.8128563e+02
   5.9663068e+02
   1.7449270e+02
   8.0462081e+01
   8.2875195e+02
   1.5347100e+02
   6.1486141e+01
   5.8988340e+02
   4.6555877e+02
   4.6236792e+02
   9.0933631e+02
   1.5943813e+02
   7.9398026e+02
   6.7273138e+02
   9.1899543e+02
   5.6174979e+02
   2.0138985e+02
   2.5510711e+02
   6.2220070e+02
   3.7601341e+02
   3.5895197e+02
   2.8650626e+01
   7.6737463e+02
   2.3738395e+02
   6.6591303e+02
   7.4849055e+02
   7.2843906e+02
   8.1428753e+02
   7.4008276e+02
   6.4451700e+02
   9.9002174e+01
   9.9939866e+02
   4.1809587e+02
   7.5980254e+01
   7.4125292e+02
   9.9970901e+02
   5.4896922e+02
   5.9313990e+02
   1.5441172e+02
   6.3665024e+02
   5.4607402e+02
   2.8441488e+02
   6.5772570e+02
   9.9422770e+02
   5.0988768e+02
   2.0523838e+02
   6.3243684e+02
   6.8308536e+02
   4.5512835e+02
   8.4442185e+01
   9.9049052e+02
   3.9349460e+01
   7.4132145e+02
   5.8693524e+02
   9.5661075e+02
   3.9987080e+02
   5.1364196e+02
   7.9333990e+02
   3.9541204e+02
   1.6065921e+02
   5.6945288e+02
   5.9716492e+02
   8.2085523e+02
   9.9338234e+02
   3.4261225e+02
   6.2103062e-01
   6.3047973e+01
   4.6595885e+02
   9.8723225e+02
   3.9544295e+01
   3.6657351e+02
   1.7003003e+02
   8.6665939e+02
   6.3818505e+02
   8.8707124e+02
